[
  {
    "coin": "0504,0504,0504,0504,0504,0504,0501,0501,0501,0501,0501,0501,0501,0501,0501,0501,0501,0501,0501,0501,0501,0501,0501,0501,0501,0505,0505,0505,0505,0505,0505,0503,0503,0503,0503,0503,0503,0503,0503,0503,0503,0507,0500,0507,0500,0507,0500,0500,0500,0500,0500,0500,0500,0500,0500,0500,0500,0500,0500,0500,0500,0500,0500,0500,0500,0500,0500,0500,0500,0500,0500,0500,0500,0503,0503,0503,0500,0500,0500,0502,0502,0502,0502,0502,0502,0502,0502,0502,0502,0502,0502,0502,0502,0502,0502,0502,0502,0502,0502,0502,0500,0500,0507,0500,0503,0503,0503,0503,0503,0503,0503,0503,0503,0505,0503,0501,0506,0506,0506,0506,0506,0506,0506,0505,0506,0506,0506,0506,0502,0502,0502,0502,0502,0502,0502,0502,0502,0502,0502,0501,0501,0501,0503,0503,0503,0501,0501,0501,0501,0501,0501,0501,0501,0501,0501,0501,0501,0501,0501,0501,0501,0501,0501,0501,0501,0501,0501,0501,0501,0501,0501,0501,0505,0503,0505,0503,0503,0503,0503,0503,0503,0503,0503,0503,0503,0503,0503,0507,0507,0507,0507,0507,0504,0504,0504,0504,0504,0504,0503,0500,0500,0500,0500,0500,0500,0500,0500,0500,0500,0500,0500,0500,0500,0500,0500,0500,0500,0507,0507,0507,0507,0507,0507,0504,0504,0504,0504,0500,0502,0502,0502,0502,0502,0502,0502,0502,0502,0502,0502,0502,0502,0502,0502,0502,0502,0502,0502,0502,0502,0502,0502,0502,0507,0507,0507,0507,0507,0507,0505,0505,0505,0505,0501,0501,0501,0501,0501,0501,0501,0501,0501,0501,0501,0501,0501,0501,0501,0501,0501,0501,0501,0507,0507,0507,0507,0507,0507,0504,0504,0504,0504,0504,0504,0504,0504,0504,0504,0504,0504,0504,0504,0502,0502,0504,0502,0504,0502,0502,0504,0506,0502,0504,0502,0502,0504,0502,0502,0504,0502,0504,0506,0502,0504,0502,0502,0504,0502,0504,0502,0502,0504,0502,0502,0504,0502,0502,0504,0502,0502,0504,0502,0507,0507,0505,0501,0501,0507,0501,0501,0507,0501,0507,0501,0501,0507,0501,0501,0507,0501,0507,0501,0501,0507,0501,0501,0507,0501,0507,0501,0501,0507,0501,0501,0505,0505,0501,0505,0502,0502,0505,0502,0502,0505,0502,0502,0505,0502,0502,0505,0502,0505,0502,0502,0507,0500,0500,0507,0500,0500,0507,0500,0507,0500,0500,0507,0500,0500,0507,0500,0507,0500,0500,0507,0500,0507,0504,0500,0500,0507,0500,0500,0507,0500,0504,0504,0507,0507,0500,0500,0507,0507,0504,0507,0504,0504,0504,0500,0507,0500,0500,0507,0500,0500,0507,0500,0507,0500,0500,0507,0500,0500,0507,0500,0507,0500,0500,0507,0500,0500,0507,0500,0507,0501,0501,0507,0501,0501,0507,0501,0507,0501,0501,0507,0501,0501,0507,0501,0501,0507,0501,0507,0501,0501,0507,0501,0507,0505,0505,0505,0507,0505,0501,0501,0507,0501,0505,0502,0502,0505,0502,0505,0502,0502,0506,0505,0502,0502,0505,0502,0505,0502,0502,0505,0506,0502,0505,0502,0502,0505,0502,0505,0502,0506,0505,0502,0505,0502,0502,0505,0502,0502,0505,0502,0501,0507,0501,0501,0507,0501,0501,0507,0501,0501,0507,0501,0507,0501,0501,0507,0501,0505,0507,0501,0501,0507,0501,0507,0501,0501,0507,0501,0501,0507,0501,0507,0501,0501,0507,0500,0500,0507,0500,0500,0507,0500,0500,0507,0500,0500,0507,0500,0507,0504,0500,0507,0500,0500,0507,0500,0500,0507,0500,0507,0500,0500,0507,0500,0500,0507,0500,0500,0507,0507,0504,0500,0500,0507,0500,0500,0507,0500,0507,0500,0500,0507,0500,0500,0507,0500,0500,0507,0500,0507,0500,0500,0507,0500,0500,0507,0500,0500,0507,0500,0500,0505,0502,0502,0505,0502,0502,0505,0502,0502,0505,0502,0505,0502,0502,0505,0502,0505,0505,0501,0501,0507,0501,0501,0507,0501,0507,0505,0507,0501,0501,0507,0501,0501,0507,0501,0501,0507,0501,0501,0507,0501,0507,0501,0501,0507,0501,0507,0501,0501,0501,0504,0502,0502,0504,0502,0502,0504,0502,0504,0502,0502,0504,0502,0504,0502,0502,0504,0502,0504,0506,0506,0504,0502,0502,0504,0502,0504,0502,0502,0504,0506,0502,0504,0502,0502,0504,0502,0504,0502,0506,",
    "url": "user.php?scroll=scrolls/trashmagic"
  },
  {
    "coin": "0325,0506,0502,0504,0502,0500,0506,0500,0504,0502,0504,0502,0502,0504,0502,0502,0502,0502,0502,0502,0505,0502,0505,0502,0506,0501,0501,0501,0501,0501,0501,0501,0507,0501,0507,0501,0503,0505,0503,0503,0503,0503,0504,0503,0503,0504,0503,0504,0503,0504,0503,0504,0503,0507,0507,0507,0507,0507,0503,0504,0502,0500,0507,0500,0507,0500,0507,0500,0507,0500,0503,0504,0503,0503,0503,0503,0503,0503,0505,0503,0505,0503,0505,0503,0501,0501,0507,0501,0501,0506,0501,0501,0506,0501,0502,0505,0502,0505,0502,0502,0502,0502,0504,0502,0502,0504,0502,0504,0502,0504,0502,0505,0507,0507,0507,0507,0507,0500,0500,0500,0502,0502,0500,0503,0503,0500,0500,0503,0501,0501,0503,0503,0501,0502,0502,0501,0501,0505,0505,0505,0505,0505,0505,0505,0503,0503,0503,0504,0503,0503,0504,0503,0504,0503,0504,0503,0507,0500,0500,0500,0507,0500,0500,0500,0500,0506,0500,0500,0506,0500,0500,0506,0500,0504,0502,0502,0504,0502,0502,0502,0502,0502,0502,0502,0502,0505,0502,0502,0505,0502,0505,0502,0505,0502,0505,0502,0505,0502,0504,0502,0504,0502,0504,0502,0504,0502,0504,0502,0502,0504,0502,0502,0502,0502,0502,0502,0502,0502,0505,0502,0502,0505,0502,0505,0502,0505,0502,0501,0501,0506,0501,0501,0501,0501,0501,0507,0501,0501,0507,0501,0507,0501,0507,0501,0507,0501,0503,0505,0503,0503,0503,0503,0503,0503,0504,0503,0503,0504,0503,0504,0503,0503,0504,0503,0504,0503,0504,0503,0506,0506,0506,0506,0506,0506,0506,0504,0504,0504,0502,0500,0502,0502,0502,0502,0501,0503,0503,0503,0505,0505,0505,0507,0507,0507,0507,0507,0507,0507,0507,0507,0507,0501,0507,0501,0507,0501,0507,0501,0503,0505,0503,0503,0505,0503,0503,0503,0504,0504,0504,0504,0504,0504,0504,0504,0504,0506,0506,0506,0506,0506,0506,0506,0506,0506,0506,",
    "url": "programarduinoxyz.html"
  },
  {
    "coin": "0506,0506,0506,0506,0506,0506,0506,0501,0501,0501,0506,0501,0501,0501,0501,0501,0506,0501,0501,0502,0502,0502,0502,0502,0502,0502,0502,0502,0502,0502,0502,0502,0502,0502,0507,0507,0507,0507,0507,0507,0507,0507,0507,0507,0507,0507,0507,0507,0507,0503,0503,0503,0503,0503,0503,0503,0503,0503,0503,0503,0503,0503,0500,0500,0500,0500,0500,0500,0500,0500,0500,0507,0500,0500,0500,0507,0500,0500,0507,0500,0503,0503,0503,0503,0503,0503,0503,0503,0503,0503,0503,0503,0503,0503,0503,0503,0504,0503,0503,0504,0503,0503,0503,0504,0506,0506,0502,0502,0504,0502,0502,0502,0502,0502,0502,0502,0502,0502,0502,0502,0502,0502,0502,0502,0502,0502,0502,0502,0502,0502,0502,0502,0502,0502,0502,0502,0502,0502,0502,0502,0502,0502,0502,0502,0502,0501,0501,0501,0501,0503,0503,0503,0503,0503,0503,0503,0503,0503,0503,0503,0503,0503,0503,0503,0503,0503,0503,0506,0506,0506,0506,0506,0506,0506,0506,0506,0506,0506,0501,0506,0501,0501,0501,0506,0501,0507,0507,0507,0507,0507,0507,0507,",
    "url": "user.php?scroll=scrolls/sproing"
  },
  {
    "coin": "0504,0504,0506,0506,0506,0506,0506,0506,0506,0506,0506,0506,0506,0506,0506,0500,0500,0500,0500,0500,0500,0500,0500,0500,0500,0500,0500,0500,0500,0500,0500,0502,0502,0502,0502,0502,0502,0502,0502,0502,0502,0500,0500,0503,0503,0503,0503,0503,0503,0503,0503,0503,0503,0503,0503,0503,0503,0503,0503,0503,0503,0503,0503,0503,0503,0503,0503,0503,0503,0503,0503,0503,0503,0503,0503,0503,0503,0503,0503,0503,0503,0503,0503,0503,0503,0503,0503,0503,0503,0503,0501,0501,0502,0502,0502,0502,0502,0502,0502,0502,0502,0502,0502,0502,0502,0502,0502,0502,0502,0502,0502,0502,0502,0502,0502,0502,0502,0502,0502,0502,0502,0502,0502,0502,0502,0502,0502,0502,0506,0504,0504,0500,0500,0500,0500,0502,0502,0502,0502,0502,0502,0502,0501,0501,0501,0505,0505,0505,0501,0501,0501,0501,0501,0501,0501,0501,0501,0501,0501,0501,0501,0501,0501,0501,0501,0501,0501,0501,0501,0501,0501,0501,0501,0501,0501,0501,0501,0501,0501,0501,0501,0501,0501,0501,0502,0502,0502,0501,0501,0503,0503,0503,0503,0503,0503,0503,0503,0503,0503,0504,0500,0500,0500,0500,0500,0500,0500,0500,0500,0500,0500,0500,0500,0500,0500,0500,0500,0500,0500,0500,0500,0505,0505,0505,0505,0505,0505,0505,0505,0505,0505,0505,0505,0505,0505,0505,0505,0505,0505,0505,0505,0502,0502,0502,0502,0502,0502,0506,0505,0505,0501,0501,0501,0501,0503,0503,0503,0503,0503,0503,0503,0500,0500,0500,0504,0503,0503,0503,0503,0503,0503,0503,0503,0503,0503,0503,0503,0503,0503,0503,0503,0503,0503,0503,0503,0503,0503,0503,0503,0503,0503,0503,0501,0501,0501,0501,0503,0503,0503,0503,0503,0503,0503,0500,0500,0500,0500,0502,0502,0502,0502,0502,0502,0506,0504,0500,0502,0502,0502,0502,0502,0502,0502,0502,0502,0502,0502,0502,0502,0502,0502,0502,0502,0502,0502,0502,0502,0502,0502,0502,0502,0502,0507,0507,0507,0507,0507,0507,0507,0507,0507,0507,0507,0507,0507,0507,0507,0507,0507,0507,0507,0507,0507,0507,0507,0507,0507,0507,0505,0505,0507,0507,0507,0507,0507,0507,0507,0503,0503,0503,0500,0500,0502,0502,0502,0502,0502,0502,0502,0502,0502,0507,0507,0507,0507,0507,0507,0500,0500,0500,0500,0500,0500,0500,0500,0500,0500,0500,0500,0500,0500,0500,0500,0500,0500,0500,0500,0500,0500,0500,0500,0500,0500,0500,0500,0500,0500,0500,0500,0500,0500,0500,0504,0504,0504,0500,0500,0500,0500,0502,0502,0502,0502,0502,0502,0502,0501,0501,0501,0505,0505,0505,0501,0501,0501,0501,0501,0501,0501,0501,0501,0501,0501,0501,0501,0501,0501,0501,0501,0501,0501,0501,0501,0501,0501,0501,0501,0501,0501,0501,0501,0501,0501,0501,0501,0501,0501,0504,0504,0504,0504,0504,0504,0504,0504,0504,0504,0504,0504,0504,0504,0504,0504,0504,0504,0504,0504,0504,0504,0504,0504,0504,0504,0504,0504,0502,0502,0502,0502,0502,0502,0502,0502,0502,0502,0502,0502,0502,0502,0502,0502,0502,0502,0502,0502,0502,0502,0502,0502,0502,0502,0507,0507,0507,0504,0504,0504,0507,0504,0504,0504,0504,0504,0504,0506,0500,0500,0500,0500,0500,0500,0500,0500,0500,0500,0503,0503,0503,0503,0503,0503,0503,0503,0503,0503,0503,0503,0503,0503,0503,0503,0503,0503,0503,0501,0501,0501,0501,0501,0501,0501,0501,0501,0506,0506,0506,0504,0504,0506,0506,0502,0502,0502,0502,0502,0502,0502,0502,0502,0502,0500,0500,0500,0503,0503,0503,0503,0503,0503,0503,0503,0503,0503,0503,0501,0501,0501,0502,0506,0506,0506,0506,0506,0505,0505,0505,0505,0505,0505,0505,0505,0505,0505,0505,0505,0505,0505,0505,0505,0505,0505,0505,0505,0505,0505,0505,",
    "url": "user.php?scroll=scrolls/trashframe"
  },
  {
    "coin": "0507,0507,0507,0503,0503,0505,0503,0503,0505,0503,0503,0505,0503,0503,0505,0503,0505,0503,0503,0505,0503,0500,0500,0500,0507,0500,0503,0504,0503,0503,0504,0503,0504,0503,0503,0504,0503,0504,0503,0503,0504,0503,0504,0502,0502,0504,0502,0504,0502,0502,0504,0502,0500,0500,0500,0500,0500,0500,0500,0500,0500,0500,0500,0500,0500,0500,0500,0505,0502,0505,0502,0502,0501,0501,0501,0501,0501,0501,0501,0501,0501,0501,0501,0501,0501,0501,0501,0501,0501,0501,0501,0501,0504,0503,0504,0503,0503,0500,0500,0500,0500,0506,0506,0506,0505,0505,0505,0505,0505,0505,0504,0502,0502,0504,0502,0502,0504,0502,0504,0502,0502,0504,0502,0502,0504,0502,0502,0504,0502,0500,0500,0500,0500,0500,0500,0500,0500,0500,0500,0500,0500,0500,0500,0500,0500,0500,0500,0500,0507,0500,0503,0504,0503,0505,0503,0503,0505,0503,0503,0505,0503,0503,0505,0503,0503,0505,0503,0505,0503,0503,0505,0505,0506,0506,0502,0504,0502,0502,0504,0502,0502,0504,0502,0504,0502,0502,0504,0502,0504,0502,0502,0505,0505,0505,0505,0505,0505,0505,0505,0505,0505,0505,0505,0505,0505,0505,0505,0505,0506,0502,0505,0502,0502,0505,0502,0502,0505,0502,0501,0501,0501,0501,0503,0505,0503,0503,0505,0503,0504,0504,0504,0504,0504,0506,0506,0502,0505,0503,0503,0505,0503,0503,0505,0503,0503,0505,0503,0505,0503,0503,0505,0503,0503,0505,0503,0503,0505,0503,0505,0505,0505,0507,0505,0503,0504,0503,0503,0504,0503,0504,0503,0503,0504,0503,0503,0504,0503,0503,0504,0503,0500,0500,0500,0505,0505,0505,0505,0505,0505,0505,0505,0506,0506,0506,0506,0506,0506,0506,0506,0506,0506,0506,0506,0506,0506,0506,0506,0506,0506,0506,0506,0505,0505,0505,0506,0506,0506,0506,0502,0502,0505,0502,0502,0505,0502,0505,0502,0502,0505,0502,0502,0505,0502,0505,0502,0502,0505,0502,0502,0505,0502,0502,0505,0502,0505,0502,0504,0502,0504,0502,0502,0504,0502,0502,0504,0502,0504,0502,0502,0504,0502,0504,0502,0502,0501,0501,0501,0505,0503,0503,0505,0503,0505,0503,0503,0505,0503,0503,0505,0503,0505,0503,0503,0505,0503,0500,0500,0507,0505,0501,0504,0503,0504,0503,0503,0504,0503,0503,0504,0503,0504,0503,0503,0504,0503,0503,0504,0503,0504,0503,0503,0504,0503,0503,0504,0503,0500,0500,0504,0504,0502,0504,0502,0502,0504,0502,0502,0504,0502,0502,0504,0502,0504,0502,0502,0504,0502,0505,0502,0502,0505,0502,0505,0502,0502,0505,0502,0502,0505,0502,0505,0502,0502,0505,0502,0502,0505,0502,0502,0505,0502,0502,0507,0507,0507,0507,0505,0507,0507,0507,0505,0507,0507,0500,0500,0500,0500,0500,0500,0500,0500,0500,0500,0500,0502,0505,0502,0502,0500,0503,0504,0503,0503,0503,0503,0504,0503,0503,0504,0503,0503,0504,0503,0503,0504,0503,0503,0504,0503,0504,0503,0504,0503,0505,0506,0502,0502,0505,0502,0502,0505,0502,0502,0505,0502,0502,0505,0502,0505,0502,0502,0507,0507,0505,0507,0507,0507,0504,0507,0507,0504,0506,0504,0501,0501,0501,0501,0501,0501,0501,0501,0501,0501,0507,0507,0507,0504,0504,0504,0507,0504,0507,0507,0507,0507,0507,0507,0504,0504,0504,0505,0507,0507,0505,0507,",
    "url": "user.php?scroll=scrolls/stages"
  },
  {
    "coin": "0505,0505,0505,0505,0505,0505,0505,0505,0505,0505,0505,0505,0505,0505,0505,0505,0505,0505,0505,0505,0505,0502,0502,0502,0505,0502,0502,0502,0505,0502,0502,0502,0505,0502,0502,0502,0505,0502,0502,0502,0505,0502,0502,0502,0502,0502,0500,0500,0506,0500,0500,0506,0500,0500,0500,0506,0500,0500,0506,0500,0500,0500,0506,0500,0500,0506,0500,0500,0506,0500,0500,0506,0500,0500,0506,0500,0500,0507,0500,0507,0500,0503,0503,0504,0503,0503,0503,0504,0503,0503,0503,0504,0503,0503,0503,0503,0504,0503,0503,0503,0503,0503,0503,0504,0503,0503,0503,0503,0504,0503,0503,0503,0504,0503,0503,0503,0505,0505,0505,0506,0506,0506,0506,0505,0506,0506,0506,0506,0506,0506,0504,0506,0506,0506,0506,0501,0507,0501,0501,0507,0501,0501,0502,0505,0502,0502,0502,0505,0502,0502,0502,0505,0502,0502,0502,0502,0505,0502,0502,0500,0506,0500,0500,0506,0500,0507,0507,0507,0507,0500,0507,0500,0504,0500,0500,0507,0500,0500,0507,0500,0500,0506,0500,0507,0500,0503,0503,0504,0503,0503,0503,0504,0503,0503,0503,0504,0503,0503,0503,0503,0503,0503,0504,0503,0503,0503,0503,0503,0503,0503,0505,0506,0502,0502,0505,0502,0502,0505,0502,0502,0502,0502,0505,0502,0502,0502,0502,0505,0502,0502,0502,0505,0502,0502,0502,0502,0507,0507,0507,0507,0507,0507,0504,0507,0507,0507,0502,0505,0502,0501,0506,0501,0501,0506,0505,0505,0507,0507,0507,0507,0507,0507,0504,0503,0505,0503,0505,0503,0501,0507,0501,0507,0501,0501,0507,0501,0507,0501,0507,0501,0502,0502,0502,0502,0505,0502,0502,0502,0505,0502,0502,0502,0505,0502,0502,0502,0502,0505,0502,0502,0502,0502,0502,0505,0502,0502,0502,0502,0505,0502,0504,0500,0506,0500,0500,0506,0500,0500,0506,0500,0506,0500,0500,0506,0505,0505,0505,0505,0505,0505,0507,0507,0505,0505,0505,0505,0507,0505,0507,0505,0507,0507,0501,0503,0504,0503,0503,0503,0504,0503,0503,0503,0503,0504,0503,0503,0503,0503,0504,0503,0503,0503,0503,0504,0503,0503,0503,0504,0503,0503,0503,0504,0503,0500,0500,0505,0503,0503,0505,0503,0505,0503,0505,0503,0505,0503,0500,0500,0500,0503,0503,0503,0503,0504,0503,0503,0503,0504,0503,0503,0503,0504,0503,0503,0503,0504,0503,0503,0503,0503,0504,0503,0503,0503,0504,0503,0501,0501,0501,0505,0502,0502,0502,0505,0502,0502,0502,0505,0502,0502,0502,0505,0502,0502,0502,0505,0502,0502,0502,0505,0502,0502,0502,0502,0505,0502,0504,0504,0504,0506,0504,0500,0506,0500,0506,0500,0500,0506,0500,0506,0500,0506,0500,0506,0500,0506,0500,0506,0500,0506,0500,0506,0500,0506,0500,0507,0507,0507,0507,0507,0507,0500,0500,0500,0505,0503,0505,0503,0505,0503,0505,0503,0505,0503,0505,0503,0505,0503,0501,0503,0504,0503,0503,0503,0504,0503,0503,0503,0504,0503,0503,0503,0503,0504,0503,0501,0501,0501,0501,0502,0502,0502,0505,0502,0502,0502,0505,0502,0502,0502,0505,0502,0502,0502,0500,0500,0505,0505,0504,0502,0500,0506,0500,0506,0500,0506,0500,0506,0500,0506,0500,0506,0500,0507,0504,0504,0500,0507,0500,0503,0503,0500,0504,0502,0504,0502,0500,0500,0500,0500,0500,0500,0500,0500,0500,0500,0505,0503,0505,0503,0505,0503,0505,0503,0501,0501,0501,0501,0501,0501,0501,0501,0501,0504,0502,0507,0507,0504,0504,0504,0504,0504,0504,0504,0503,0504,0503,0504,0502,0504,0502,0504,0502,0502,0504,0504,0506,0506,0504,0500,0500,0500,0500,0500,0500,0503,0503,0503,0504,0503,0501,0501,0501,0501,0503,0503,0503,0505,0503,0505,0503,0505,0503,0501,0501,0501,0501,0501,0501,0501,0501,0501,0501,0501,0501,0501,0501,0501,0501,0501,0501,0501,0501,0501,0504,0502,0504,0502,0504,0502,0504,0502,0504,0502,0505,0505,0505,0505,0505,0505,0505,0505,0506,0505,0506,0506,0505,0506,0505,0505,0505,0506,0505,0505,0505,0505,0505,0505,0505,0506,0506,0505,0506,0505,0505,0506,0506,0506,0505,0505,0505,0505,0503,0504,0503,0503,0503,0504,0503,0503,0503,0504,0503,0503,0503,0504,0503,0503,0503,0504,0503,0503,0503,0504,0503,0503,0503,0504,0503,0503,0503,0504,0503,0503,0504,0503,0500,0506,0500,0504,0504,0504,0504,0504,0507,0507,0507,0500,0506,0500,0506,0500,0506,0500,0506,0500,0504,0504,0506,0504,0502,0504,0502,0504,0502,0504,0502,0504,0502,0505,0505,0505,0506,0506,0506,0505,0505,0505,0505,0506,0506,0506,0506,0506,0506,0506,0506,0506,0506,0506,0506,0506,",
    "url": "user.php?scroll=scrolls/printerxyz"
  },
  {
    "coin": "0506,0506,0506,0506,0506,0506,0506,0506,0506,0506,0506,0506,0506,0506,0506,0506,0506,0506,0506,0506,0502,0502,0502,0502,0507,0507,0504,0503,0503,0504,0503,0500,0500,0507,0500,0500,0500,0500,0500,0500,0500,0500,0500,0507,0500,0500,0500,0500,0500,0500,0500,0500,0507,0500,0503,0504,0503,0503,0503,0507,0507,0507,0507,0507,0507,0507,0507,0507,0507,0503,0503,0503,0503,0505,0503,0505,0503,0505,0503,0501,0501,0501,0501,0501,0505,0502,0505,0502,0505,0502,0502,0502,0502,0502,0504,0502,0502,0504,0502,0504,0502,0500,0500,0500,0500,0500,0507,0500,0507,0500,0507,0500,0503,0507,0507,0507,0507,0507,0507,0507,0507,0507,0507,0507,0507,0507,0503,0503,0503,0505,0503,0505,0503,0501,0501,0507,0501,0501,0501,0501,0501,0501,0501,0501,0501,0501,0501,0501,0501,0501,0507,0501,0501,0507,0501,0507,0501,0507,0501,0503,0503,0506,0506,0505,0502,0502,0505,0502,0501,0501,0501,0506,0501,0501,0501,0501,0501,0501,0501,0501,0501,0501,0501,0501,0506,0501,0501,0501,0506,0501,0505,0502,0505,0502,0502,0502,0506,0506,0506,0506,0506,0506,0506,0506,0506,0502,0502,0502,0502,0504,0502,0502,0504,0502,0504,0502,0500,0500,0500,0500,0500,0507,0500,0500,0507,0500,0503,0504,0503,0503,0503,0503,0505,0503,0503,0505,0503,0501,0507,0501,0501,0501,0501,0501,0501,0505,0502,0505,0502,0505,0502,0506,0506,0506,0506,0506,0506,0506,0506,0506,0506,0506,0506,0506,0502,0502,0502,0504,0502,0504,0502,0504,0502,0500,0500,0500,0506,0500,0500,0500,0500,0500,0500,0500,0500,0500,0500,0500,0500,0500,0506,0500,0500,0506,0500,0507,0507,0507,0507,0507,0507,0507,0507,0507,0507,0507,0507,0507,0507,0500,0500,0500,0507,0500,0500,0507,0500,0504,0503,0503,0503,0503,0503,0503,0505,0503,0505,0503,0505,0503,0501,0501,0501,0501,0501,0505,0502,0505,0502,0505,0502,0505,0502,0502,0502,0502,0504,0502,0504,0502,0504,0502,0504,0502,0500,0507,0507,0507,0507,0507,0507,0504,",
    "url": "iconset.html"
  },
  {
    "coin": "0500,0503,0501,0502,0506,0506,0506,0506,0506,0506,0500,0500,0507,0500,0500,0507,0500,0507,0500,0503,0505,0504,0504,0503,0503,0503,0505,0503,0503,0505,0503,0505,0503,0505,0503,0501,0501,0501,0501,0505,0502,0501,0505,0502,0502,0505,0502,0502,0505,0502,0502,0504,0502,0502,0504,0502,0504,0502,0504,0502,0500,0500,0507,0507,0504,0504,0507,0504,0507,0504,0504,0507,0504,0507,0504,0504,0504,0500,0500,0500,0500,0500,0500,0500,0500,0500,0500,0500,0500,0505,0502,0505,0502,0505,0502,0505,0502,0507,0507,0507,0507,0507,0507,0507,0503,0504,0502,0504,0502,0504,0502,0505,0505,0505,0506,0505,0505,0505,0505,0505,0505,0505,0505,0505,0505,0505,0505,0505,0505,0505,0505,0505,0505,0505,0505,0505,0505,0505,0505,0505,0501,0501,0501,0501,0501,0501,0501,0501,0501,0501,0501,0501,0504,0503,0504,0503,0504,0503,0504,0503,0505,0505,0505,0505,0506,0506,0506,0504,0506,0502,0504,0502,0504,0502,0504,0502,0505,0505,0505,0505,0505,0505,0505,0506,0506,0506,0506,0506,0506,0506,0502,0502,0502,0502,0504,0502,0504,0502,0500,0500,0506,0500,0500,0500,0500,0500,0500,0500,0500,0500,0500,0500,0500,0500,0500,0506,0500,0500,0500,0506,0500,0506,0500,0502,0502,0502,0507,0507,0507,0504,0503,0507,0500,0500,0500,0507,0500,0500,0500,0500,0500,0500,0500,0500,0500,0500,0500,0500,0500,0500,0500,0507,0500,0500,0500,0507,0500,0507,0500,0503,0503,0503,0507,0507,0507,0507,0507,0507,0507,0507,0507,0507,0507,0507,0507,0507,0507,0507,0507,0507,0507,0507,0507,0507,0507,0503,0503,0503,0503,0505,0503,0505,0503,0501,0501,0507,0501,0501,0501,0501,0501,0501,0501,0501,0501,0501,0501,0501,0501,0501,0501,0507,0501,0501,0507,0501,0505,0503,0505,0503,0503,0503,0503,0506,0506,0506,0505,0502,0505,0502,0505,0502,0501,0506,0501,0501,0501,0501,0501,0501,0501,0501,0501,0501,0501,0501,0501,0506,0501,0501,0501,0501,0506,0501,0505,0502,0502,0502,0502,0506,0506,0506,0506,0506,0506,0506,0506,0506,0506,0506,0506,0504,0504,0504,0504,0504,0504,0504,0504,0504,0504,0504,0504,0504,0504,0504,0504,0504,0504,0504,0504,0504,0504,0504,",
    "url": "user.php?scroll=scrolls/newcoin"
  },
  {
    "coin": "0323,0506,0506,0506,0506,0506,0506,0502,0505,0502,0501,0506,0501,0501,0501,0501,0501,0507,0501,0503,0503,0504,0503,0504,0503,0500,0500,0507,0500,0503,0503,0503,0503,0503,0503,0503,0503,0503,0503,0501,0501,0501,0501,0507,0501,0503,0503,0504,0503,0500,0500,0500,0500,0500,0506,0500,0506,0500,0507,0500,0500,0507,0500,0500,0507,0500,0500,0506,0500,0506,0500,0502,0502,0505,0502,0501,0501,0501,0506,0501,0505,0502,0502,0502,0502,0502,0502,0502,0502,0502,0502,0505,0502,0502,0504,0504,0503,0500,0500,0500,0506,0500,0502,0502,0505,0502,0501,0501,0507,0501,0503,0503,0504,0507,0507,0507,0507,0504,0507,0504,0507,0507,0500,0500,0500,0506,0500,0506,0500,0506,0500,0504,0502,0502,0502,0502,0502,0502,0502,0505,0502,0502,0505,0502,0505,0502,0505,0502,0501,0501,0506,0501,0501,0501,0507,0501,0501,0501,0507,0501,0505,0502,0501,0506,0501,0501,0501,0501,0501,0501,0507,0501,0501,0507,0501,0507,0501,0507,0501,0503,0505,0503,0503,0503,0503,0504,0503,0503,0503,0504,0503,0504,0503,0504,0503,0504,0503,0500,0500,0505,0505,0507,0501,0507,0501,0507,0501,0507,0501,0503,0505,0503,0503,0503,0503,0503,0504,0503,0503,0504,0503,0504,0503,0504,0503,0504,0503,0500,0500,0500,0500,0500,0500,0506,0500,0500,0500,0507,0500,0500,0500,0500,0500,0500,0500,0500,0506,0500,0500,0506,0500,0506,0500,0506,0500,0502,0502,0504,0502,0502,0502,0505,0502,0502,0505,0502,0505,0502,0505,0502,0505,0502,0505,0505,0505,0505,0505,0505,0505,0505,0505,0506,0506,0506,0506,0506,0506,0506,0506,0506,0506,0506,0506,0506,0506,0506,0506,0506,0506,0506,0506,0506,0506,0500,0500,0500,0500,0500,0500,0500,0500,0500,0500,0500,0500,0500,0500,0500,0500,0500,0500,0500,0507,0500,0507,0500,0503,0503,0503,0503,0503,0503,0503,0503,0503,0503,0503,0503,0503,0503,0503,0503,0503,0503,0503,0503,0503,0503,0503,0503,0503,0503,0503,0503,0503,0503,0503,0503,0503,0503,0503,0503,0503,0503,0505,0503,0505,0503,0501,0501,0501,0501,0501,0501,0501,0501,0501,0501,0501,0501,0501,0501,0501,0501,0501,0501,0501,0501,0501,0501,0501,0501,0501,0501,0501,0501,0501,0501,0501,0501,0501,0501,0501,0501,0501,0501,0501,0506,0501,0505,0502,0502,0502,0502,0502,0502,0502,0502,0502,0502,0502,0502,0502,0502,0502,0502,0502,0502,0502,0502,0502,0502,0502,0502,0502,0502,0502,0502,0502,0502,0502,0502,0502,0502,0502,0502,0502,0502,0502,0504,0502,0504,0502,0500,0500,0500,0500,0500,0500,0500,0500,0500,0500,0500,0500,0500,0500,0500,0500,0500,0500,0500,0500,0507,0507,0507,0507,0507,0507,0507,0507,0507,0507,0507,0507,0507,0507,0507,0507,0507,0507,0507,0507,",
    "url": "user.php?scroll=scrolls/xampp"
  },
  {
    "coin": "0324,0506,0506,0506,0506,0506,0506,0506,0506,0506,0506,0506,0506,0506,0506,0506,0506,0506,0506,0500,0500,0507,0500,0500,0507,0500,0500,0507,0500,0507,0500,0500,0507,0500,0500,0507,0500,0500,0507,0500,0507,0500,0500,0507,0500,0500,0507,0500,0500,0507,0500,0507,0500,0500,0507,0500,0500,0507,0500,0500,0507,0500,0507,0500,0500,0507,0500,0500,0507,0500,0507,0501,0501,0507,0501,0501,0507,0501,0507,0501,0501,0507,0501,0501,0507,0501,0501,0507,0501,0507,0501,0501,0507,0501,0501,0507,0501,0501,0507,0501,0507,0501,0501,0507,0501,0501,0507,0501,0501,0507,0501,0507,0501,0501,0507,0501,0501,0507,0501,0501,0507,0501,0507,0501,0501,0507,0501,0501,0507,0501,0501,0507,0501,0507,0501,0501,0507,0501,0501,0507,0501,0501,0507,0501,0507,0501,0501,0507,0501,0502,0502,0502,0502,0502,0502,0502,0502,0502,0502,0502,0502,0502,0502,0502,0502,0502,0502,0502,0502,0502,0502,0502,0502,0502,0502,0502,0502,0502,0502,0502,0502,0502,0502,0502,0502,0502,0502,0502,0502,0502,0502,0502,0502,0502,0502,0502,0502,0502,0502,0502,0502,0502,0502,0502,0502,0502,0502,0507,0500,0500,0507,0500,0500,0507,0500,0507,0500,0500,0507,0500,0500,0507,0500,0500,0507,0500,0507,0500,0500,0507,0500,0500,0507,0500,0507,0507,0507,0507,0507,0322,0507,0507,0503,0503,0503,0503,0503,0503,0503,0503,0507,0507,0507,0507,0507,0507,0507,0507,0503,0503,0503,0503,0503,0503,0503,0503,0503,0503,0506,0506,0506,0506,0506,0506,0506,0506,0506,0506,0506,0506,0506,0506,0504,0504,0504,0500,0500,0500,0500,0500,0500,0500,0500,0500,0505,0505,0505,0505,0505,0505,0505,0505,0505,0505,0505,0505,0505,0505,0505,0505,0501,0501,0501,0501,0501,0501,0501,0501,0504,0504,0504,0504,0504,0504,0504,0506,0500,0502,0504,0502,0504,0502,0500,0507,0504,0504,0502,0507,0500,0507,0500,0503,0503,0503,0503,0505,0503,0505,0503,0501,0501,0501,0506,0501,0506,0501,0502,0502,0507,0507,0507,0503,0505,0503,0505,0503,0506,0506,0506,0506,0506,0506,0506,0506,0504,0504,0504,0506,0505,0502,0505,0502,0505,0502,0507,0507,0507,0507,0504,0504,0504,0504,0504,0504,0504,0504,0506,0504,0502,0504,0502,0504,0502,0507,0507,0507,0505,0505,0507,0507,0507,0507,0505,0507,0507,0507,0500,0507,0500,0507,0500,0505,0505,0505,0506,0505,0507,0507,0507,0507,0507,0505,0507,0507,0507,0507,0503,0503,0503,0503,0506,0506,0506,0506,0506,0506,0506,0506,0506,0506,0506,0506,0506,0506,0506,0506,0506,0506,",
    "url": "user.php?scroll=scrolls/lasershapes"
  },
  {
    "coin": "0322,0506,0506,0506,0506,0506,0506,0506,0506,0506,0506,0506,0506,0506,0506,0506,0506,0506,0506,0506,0500,0507,0500,0500,0507,0500,0500,0507,0500,0500,0507,0500,0507,0500,0500,0507,0500,0500,0507,0500,0507,0500,0500,0507,0500,0507,0500,0500,0507,0500,0500,0507,0500,0500,0507,0500,0500,0507,0500,0507,0500,0500,0507,0500,0500,0507,0500,0507,0500,0500,0503,0501,0507,0501,0507,0501,0501,0507,0501,0501,0507,0501,0501,0507,0501,0507,0501,0501,0507,0501,0501,0507,0501,0507,0501,0501,0507,0501,0501,0507,0501,0507,0501,0501,0507,0501,0501,0507,0501,0501,0507,0501,0507,0501,0501,0507,0501,0501,0507,0501,0501,0501,0501,0501,0501,0501,0501,0501,0501,0501,0501,0501,0501,0501,0501,0501,0501,0501,0501,0501,0501,0501,0506,0501,0506,0501,0502,0502,0505,0502,0505,0502,0502,0505,0502,0502,0505,0502,0502,0505,0502,0505,0502,0502,0505,0502,0505,0502,0502,0505,0502,0502,0504,0502,0502,0504,0502,0504,0502,0502,0504,0502,0502,0504,0502,0504,0502,0502,0504,0502,0502,0504,0502,0502,0504,0502,0504,0502,0502,0504,0502,0500,0500,0500,0500,0500,0500,0500,0500,0500,0500,0500,0500,0500,0500,0500,0500,0500,0500,0500,0500,0500,0507,0501,0501,0507,0501,0501,0507,0501,0507,0501,0501,0507,0501,0501,0507,0501,0507,0501,0501,0507,0501,0501,0507,0501,0501,0507,0501,0507,0501,0501,0507,0501,0501,0507,0501,0501,0507,0501,0507,0501,0501,0507,0501,0501,0507,0501,0501,0507,0501,0503,0507,0500,0500,0507,0500,0500,0507,0500,0500,0507,0500,0507,0500,0500,0507,0500,0500,0507,0500,0500,0507,0500,0507,0500,0500,0507,0500,0507,0500,0500,0507,0500,0500,0507,0500,0500,0507,0500,0507,0500,0500,0507,0500,0500,0507,0500,0500,0506,0320,0506,0506,0500,0500,0500,0506,0500,0506,0500,0502,0502,0502,0502,0505,0502,0505,0502,0501,0501,0501,0507,0501,0507,0501,0507,0501,0503,0503,0503,0504,0503,0504,0503,0500,0506,0506,0502,0502,0501,0503,0506,0506,0506,0506,0506,0506,0506,0506,0506,0506,0506,0506,0506,0502,0507,0500,0500,0500,0500,0506,0500,0506,0500,0502,0502,0502,0502,0502,0505,0502,0501,0506,0501,0501,0501,0507,0501,0501,0507,0501,0503,0503,0503,0503,0504,0503,0504,0506,0502,0502,0500,0503,0507,0507,0507,0507,0507,0507,0504,0505,0505,0505,0505,0505,0505,0505,0505,0505,0505,0505,0502,0502,0502,0502,0501,0501,0501,0503,0503,0503,0503,0503,0503,0503,0500,0500,0500,0502,0502,0502,0504,0504,0504,0504,0504,0504,0504,0504,0504,0504,0504,",
    "url": "user.php?scroll=scrolls/artbox"
  },
  {
    "coin": "504,0504,0504,0504,0504,0504,0504,0504,0504,0504,0504,0504,0504,0504,0504,0504,0500,0503,0507,0500,0503,0507,0500,0503,0503,0503,0503,0503,0503,0503,0503,0503,0503,0503,0505,0503,0503,0503,0505,0503,0503,0505,0503,0505,0503,0503,0501,0507,0501,0507,0501,0507,0501,0501,0507,0501,0501,0507,0501,0501,0501,0507,0501,0501,0501,0501,0501,0501,0501,0501,0501,0506,0501,0501,0501,0506,0501,0501,0506,0501,0501,0506,0501,0506,0501,0506,0501,0505,0502,0502,0505,0502,0505,0502,0502,0505,0502,0502,0502,0505,0502,0502,0502,0502,0502,0502,0502,0502,0502,0502,0504,0502,0502,0502,0504,0502,0504,0502,0502,0504,0502,0504,0502,0504,0502,0504,0502,0504,0502,0504,0502,0500,0504,0502,0500,0506,0500,0500,0500,0500,0500,0500,0500,0500,0500,0500,0500,0500,0500,0507,0500,0500,0507,0500,0500,0507,0500,0500,0503,0507,0500,0500,0507,0500,0503,0507,0500,0500,0506,0500,0502,0504,0502,0502,0502,0502,0502,0502,0502,0502,0502,0502,0502,0502,0505,0502,0502,0502,0505,0502,0505,0502,0502,0505,0502,0505,0502,0505,0502,0505,0502,0505,0502,0501,0506,0501,0501,0506,0501,0501,0501,0501,0501,0506,0501,0501,0501,0501,0501,0501,0507,0501,0501,0501,0507,0501,0501,0501,0507,0501,0507,0501,0501,0507,0501,0503,0505,0503,0505,0503,0505,0503,0505,0503,0503,0503,0505,0503,0503,0505,0503,0503,0503,0503,0503,0503,0503,0503,0503,0503,0507,0500,0503,0503,0504,0503,0503,0507,0500,0507,0500,0503,0500,0503,0507,0500,0500,0503,0507,0500,0500,0500,0507,0500,0500,0507,0500,0500,0500,0500,0500,0507,0500,0500,0500,0500,0500,0506,0500,0500,0500,0506,0500,0500,0500,0506,0500,0506,0500,0500,0506,0500,0506,0500,0506,0500,0506,0500,0502,0505,0505,0505,0505,0505,0505,0505,0505,0505,0505,0505,0505,0505,0505,0505,0505,0506,",
    "url": "https://www.trashrobot.org/bookofgeometronfirst/"
  },
  {
    "coin": "0506,0506,0506,0506,0506,0506,0506,0506,0506,0500,0502,0502,0502,0502,0502,0502,0502,0502,0502,0502,0502,0500,0500,0502,0502,0505,0502,0502,0505,0502,0502,0505,0502,0502,0505,0507,0503,0503,0505,0503,0503,0505,0503,0503,0503,0500,0500,0503,0503,0503,0503,0503,0503,0503,0503,0503,0503,0503,0501,0507,0501,0501,0507,0501,0501,0506,0501,0506,0501,0506,0501,0506,0501,0506,0501,0506,0501,0506,0501,0506,0501,0504,0502,0504,0502,0501,0501,0506,0501,0501,0506,0501,0501,0506,0501,0501,0507,0500,0503,0504,0503,0503,0504,0503,0503,0503,0503,0504,0502,0504,0502,0507,0500,0507,0500,0507,0500,0507,0500,0507,0500,0507,0500,0507,0500,0507,0500,0503,0505,0503,0503,0505,0503,0503,0501,0501,0501,0501,0501,0501,0501,0501,0501,0501,0501,0502,0502,0501,0501,0507,0501,0501,0507,0501,0501,0507,0501,0501,0507,0504,0500,0500,0507,0500,0500,0507,0500,0500,0500,0502,0502,0500,0500,0500,0500,0500,0500,0500,0500,0500,0500,0500,0503,0504,0503,0503,0504,0503,0503,0505,0503,0505,0503,0505,0503,0505,0503,0505,0503,0505,0503,0505,0503,0505,0503,0505,0502,0505,0502,0503,0503,0505,0503,0503,0505,0503,0503,0505,0503,0503,0504,0502,0500,0506,0500,0500,0506,0500,0500,0500,0504,0502,0505,0502,0502,0504,0502,0504,0502,0504,0502,0504,0502,0504,0502,0504,0502,0504,0502,0500,0507,0500,0500,0507,0500,0500,0503,0503,0503,0503,0503,0503,0503,0503,0503,0503,0503,0501,0501,0503,0503,0504,0503,0503,0504,0503,0503,0504,0503,0503,0506,0506,0500,0502,0504,0502,0502,0504,0502,0502,0502,0501,0501,0502,0502,0502,0502,0502,0502,0502,0502,0502,0502,0502,0502,0500,0500,0506,0500,0500,0500,0507,0500,0507,0500,0507,0500,0507,0500,0507,0500,0507,0500,0507,0500,0507,0500,0507,0501,0507,0501,0500,0500,0507,0500,0500,0507,0500,0500,0507,0500,0500,0505,0502,0502,0505,0502,0502,0502,0505,0502,0502,0502,0501,0507,0501,0501,0506,0501,0506,0501,0506,0501,0506,0501,0506,0501,0506,0501,0506,0501,0502,0504,0502,0502,0502,0504,0502,0500,0500,0500,0500,0500,0500,0500,0500,0500,0500,0500,0503,0503,0500,0500,0506,0500,0500,0506,0500,0500,0506,0500,0500,0505,0505,0502,0501,0505,0502,0501,0505,0502,0501,0501,0503,0503,0501,0501,0501,0501,0501,0501,0501,0501,0501,0501,0501,0505,0502,0502,0502,0505,0502,0502,0504,0502,0504,0502,0504,0502,0504,0502,0504,0502,0504,0502,0504,0502,0504,0502,0507,0500,0500,0502,0502,0504,0502,0502,0504,0502,0502,0504,0502,0505,0505,0503,0501,0507,0501,0501,0507,0501,0501,0507,0501,0500,0507,0500,0505,0503,0505,0503,0505,0503,0505,0503,0505,0503,0505,0503,0505,0503,0505,0503,0501,0506,0501,0501,0505,0502,0507,0507,0507,0507,0507,0507,0507,0507,0507,0505,0505,",
    "url": "https://www.trashrobot.org/geometronmagic/"
  },
  {
    "coin": "0506,0506,0506,0506,0506,0504,0504,0506,0504,0506,0504,0506,0504,0504,0500,0500,0507,0500,0500,0507,0500,0500,0507,0500,0507,0500,0507,0500,0503,0504,0503,0505,0503,0503,0504,0503,0503,0501,0507,0501,0507,0501,0503,0501,0501,0501,0507,0501,0501,0507,0501,0500,0500,0500,0500,0500,0507,0500,0500,0507,0500,0500,0507,0500,0507,0500,0507,0500,0500,0507,0500,0507,0500,0503,0504,0503,0503,0504,0503,0503,0503,0501,0501,0501,0506,0501,0501,0506,0501,0501,0506,0501,0501,0501,0506,0501,0501,0506,0501,0506,0501,0506,0501,0506,0501,0501,0506,0501,0506,0501,0502,0505,0502,0501,0506,0501,0501,0501,0501,0507,0501,0505,0502,0505,0502,0501,0501,0501,0506,0501,0501,0501,0501,0507,0501,0501,0501,0506,0501,0501,0501,0501,0501,0501,0501,0501,0501,0502,0502,0502,0500,0500,0507,0500,0507,0500,0504,0506,0506,0506,0501,0501,0505,0502,0502,0502,0507,0500,0500,0507,0500,0503,0500,0500,0507,0500,0500,0507,0500,0500,0507,0505,0501,0501,0501,0505,0505,0506,0506,0506,0504,0504,0500,0500,0500,0506,0500,0500,0500,0506,0500,0500,0500,0500,0506,0500,0506,0501,0501,0501,0506,0501,0501,0501,0501,0501,0506,0501,0501,0501,0501,0507,0501,0505,0502,0505,0502,0502,0504,0502,0507,0500,0500,0507,0500,0500,0500,0500,0500,0500,0500,0500,0500,0500,0500,0505,0502,0501,0501,0501,0501,0501,0501,0501,0507,0506,0506,0501,0501,0501,0502,0505,0502,0505,0502,0505,0503,0503,0504,0504,0504,0504,0504,0507,0500,0500,0500,0500,0500,0506,0500,0500,0500,0500,0500,0504,0502,0504,0502,0504,0502,0501,0501,0506,0501,0507,0504,0504,0504,0502,0502,0505,0502,0502,0505,0502,0502,0505,0502,0504,0502,0502,0507,0504,0503,0503,0504,0502,0504,0502,0507,0500,0500,0500,0506,0500,0500,0500,0500,0507,0501,0507,0501,0507,0500,0507,0500,0507,0500,0503,0503,0504,0503,0504,0503,0501,0501,0501,0501,0501,0501,0507,0500,0500,0507,0500,0505,0506,0505,0506,0505,0506,0506,0502,0505,0502,0501,0503,0504,0503,0505,0506,0506,0506,0502,0501,0505,0507,0503,0505,0505,0505,0505,0505,0505,0505,0507,0507,0507,0507,0507,0507,0506,0506,0502,0502,0502,0502,0502,0502,0502,0502,0502,0504,0502,0502,0504,0502,0504,0502,0504,0502,0504,0502,0500,0500,0500,0500,0500,0500,0500,0507,0500,0507,0500,0507,0500,0507,0500,0503,0503,0504,0503,0503,0503,0503,0503,0503,0504,0504,0507,0507,0504,0507,0507,0507,0502,0504,0502,0502,0504,0502,0502,0504,0502,0504,0502,0502,0502,0504,0502,0502,0502,0504,0502,0502,0502,0502,0502,0507,0507,0504,0507,0504,0504,0504,0504,0507,0507,0507,0507,0504,0503,0505,0503,0505,0503,0505,0503,0505,0503,0505,0503,0505,0503,0505,0503,0505,0503,0505,0503,0505,0503,0507,0507,0504,0504,0504,0500,0500,0506,0500,0500,0506,0500,0500,0506,0500,0500,0506,0500,0500,0506,0500,0507,0507,0507,0507,0507,0507,0507,0507,0507,0507,0507,0504,0507,0507,0507,0507,0507,0507,0507,0501,0506,0501,0501,0506,0501,0501,0506,0501,0506,0501,0501,0501,0506,0501,0501,0507,0507,0507,0507,0507,0507,0505,0505,0506,0506,0502,0507,0500,0507,0500,0507,0500,0507,0500,0507,0500,0507,0500,0507,0500,0504,0503,0503,0504,0503,0505,0505,0507,0507,0507,0505,0505,0505,0505,0505,0507,0507,0503,0503,0503,0503,0505,0505,0505,0505,0505,0506,0506,0506,0505,0505,0505,0506,0506,0506,0506,0506,0505,0505,0503,0505,0503,0503,0505,0503,0505,0503,0501,0501,0507,0501,0501,0501,0501,0501,0506,0501,0501,0506,0501,0506,0501,0502,0505,0502,0502,0505,0502,0502,0505,0502,0502,0502,0502,0502,0504,0502,0505,0505,0505,0501,0507,0501,0503,0505,0503,0503,0505,0503,0503,0505,0503,0503,0503,0505,0503,0503,0503,0503,0503,0503,0505,0505,0505,0505,0506,0506,0506,0506,0505,0506,0505,0506,0506,0502,0502,0504,0502,0504,0502,0504,0502,0504,0502,0504,0502,0504,0502,0505,0505,0505,0505,0505,0505,0506,0505,0505,0501,0501,0507,0501,0501,0507,0501,0506,0506,0506,0506,0506,0506,0506,0506,0506,0506,0506,0506,0506,0506,0506,0506,0506,0506,0506,0506,0506,0504,0504,0500,0507,0500,0500,0507,0500,0500,0507,0500,0506,0506,0506,0506,0506,0506,0506,0506,0505,0506,0506,0506,0501,0503,0504,0503,0504,0503,0504,0503,0504,0503,0504,0503,0504,0503,0506,0506,0506,0504,0504,0504,0507,0507,0504,0507,0504,0507,0500,0505,0502,0502,0505,0502,0502,0505,0502,0502,0505,0502,0502,0502,0502,0505,0502,0502,0502,0502,0507,0507,0507,0507,0507,0507,0507,0507,0507,0507,0504,0507,0504,0507,0504,0507,0504,0507,0504,0507,0504,0507,0504,0507,0504,0507,0504,0507,0504,0507,0504,0507,0504,0507,0504,0507,0507,0507,0504,0504,0504,0504,",
    "url": "user.php?scroll=scrolls/trashmagicbooks"
  },
  {
    "coin": "0322,0505,0505,0505,0505,0505,0505,0505,0505,0505,0505,0505,0505,0505,0505,0505,0505,0505,0505,0505,0505,0505,0501,0502,0502,0504,0502,0502,0504,0502,0504,0502,0504,0502,0502,0504,0502,0502,0504,0502,0502,0504,0502,0500,0500,0506,0500,0500,0500,0500,0506,0500,0506,0500,0500,0506,0500,0500,0500,0500,0507,0500,0500,0507,0500,0503,0504,0503,0500,0500,0500,0507,0500,0500,0507,0500,0507,0325,0500,0503,0325,0503,0503,0503,0503,0506,0506,0506,0506,0506,0325,0500,0502,0500,0502,0500,0502,0500,0502,0500,0500,0500,0502,0500,0500,0500,0500,0503,0503,0503,0504,0503,0503,0503,0503,0503,0503,0503,0503,0501,0503,0503,0501,0503,0501,0501,0503,0501,0501,0501,0502,0501,0502,0502,0504,0502,0504,0502,0504,0502,0502,0504,0502,0505,0505,0505,0505,0505,0505,0507,0507,0507,0507,0501,0507,0500,0507,0500,0507,0507,0507,0504,0500,0500,0500,0500,0500,0503,0500,0503,0500,0503,0503,0500,0503,0503,0503,0503,0503,0503,0503,0501,0503,0503,0503,0501,0501,0501,0501,0501,0502,0501,0502,0501,0501,0502,0501,0502,0501,0502,0501,0502,0502,0502,0502,0506,0500,0506,0500,0506,0500,0506,0500,0503,0504,0503,0504,0503,0503,0504,0503,0503,0504,0503,0505,0505,0505,0505,0505,0505,0322,0505,0505,0507,0505,0503,0505,0503,0505,0503,0501,0501,0507,0501,0501,0501,0507,0501,0507,0501,0507,0501,0501,0501,0501,0506,0501,0501,0506,0501,0501,0501,0506,0501,0501,0501,0506,0501,0501,0506,0501,0502,0505,0502,0502,0505,0502,0505,0502,0502,0505,0502,0502,0505,0502,0505,0502,0502,0507,0507,0507,0507,0504,0504,0504,0504,0503,0503,0504,0502,0504,0502,0504,0502,0502,0505,0502,0502,0502,0502,0502,0502,0502,0505,0502,0505,0502,0507,0504,0504,0500,0500,0500,0500,0506,0500,0500,0506,0500,0506,0500,0506,0500,0502,0502,0502,0505,0502,0507,0507,0504,0500,0500,0500,0500,0500,0500,0500,0506,0500,0507,0503,0504,0503,0504,0503,0504,0503,0504,0503,0500,0507,0500,0507,0500,0505,0506,0501,0501,0503,0505,0503,0503,0503,0503,0503,0503,0503,0503,0504,0503,0504,0503,0506,0500,0500,0505,0505,0507,0501,0503,0505,0503,0505,0503,0505,0503,0505,0503,0503,0504,0503,0505,0505,0502,0501,0501,0501,0501,0501,0501,0507,0501,0507,0501,0506,0506,0506,0504,0500,0506,0501,0506,0501,0502,0505,0502,0505,0502,0501,0506,0501,0501,0501,0501,0504,0504,0504,0504,0504,0504,0503,0504,0502,0500,0506,0500,0506,0500,0502,0502,0502,0502,0502,0505,0502,0505,0502,0505,0502,0505,0502,0507,0507,0507,0507,0507,0504,0504,0504,0507,0504,0507,0504,0502,0500,0500,0500,0500,0500,0500,0500,0505,0505,0505,",
    "url": "user.php?scroll=scrolls/pi"
  },
  {
    "coin": "0322,0500,0502,0502,0501,0501,0503,0500,0507,0507,0500,0500,0500,0507,0500,0500,0500,0503,0503,0503,0501,0501,0507,0500,0507,0500,0503,0503,0503,0505,0502,0505,0502,0505,0502,0505,0502,0501,0507,0501,0501,0501,0507,0501,0501,0502,0502,0502,0504,0502,0504,0502,0501,0501,0502,0502,0502,0500,0507,0500,0500,0500,0506,0506,0506,0506,0500,0500,0500,0502,0502,0501,0501,0501,0506,0501,0501,0501,0506,0501,0503,0503,0500,0507,0500,0500,0500,0504,0504,0504,0504,0500,0502,0500,0503,0503,0501,0506,0506,0506,0506,0501,0501,0501,0501,0506,0501,0501,0501,0501,0506,0501,0501,0501,0501,0501,0502,0502,0502,0502,0502,0504,0502,0500,0503,0503,0505,0503,0503,0500,0507,0500,0500,0502,0502,0502,0500,0500,0500,0500,0507,0500,0500,0500,0500,0503,0503,0503,0503,0505,0505,0506,0506,0501,0501,0501,0506,0506,0506,0506,0500,0500,0500,0500,0500,0502,0502,0501,0501,0501,0501,0506,0501,0501,0501,0501,0503,0503,0500,0500,0500,0504,0504,0504,0504,0504,0504,0500,0503,0503,0506,0506,0506,0506,0502,0502,0502,0502,0502,0502,0502,0501,0501,0501,0501,0501,0506,0501,0501,0501,0501,0501,0503,0503,0503,0503,0503,0504,0503,0504,0503,0500,0500,0507,0500,0500,0500,0500,0504,0502,0506,0506,0501,0501,0501,0501,0506,0501,0501,0501,0507,0507,0507,0507,0507,0507,0507,0507,0507,0507,0507,0507,0507,0507,0507,0507,0507,0507,0507,0507,0507,0507,0507,0507,0507,0507,0507,0507,0507,0507,0507,0500,0500,0500,0500,0507,0500,0500,0503,0503,0503,0503,0505,0503,0501,0501,0506,0501,0501,0502,0502,0502,0501,0501,0503,0503,0505,0502,0502,0502,0504,0502,0500,0507,0507,0507,0504,0504,0500,0500,0507,0507,0507,0507,0504,0504,0503,0503,0501,0501,0501,0501,0506,0501,0501,0501,0503,0503,0500,0500,0506,0507,0507,0500,0500,0500,0500,0507,0500,0503,0501,0501,0501,0501,0506,0501,0501,0501,0506,0501,0501,0501,0501,0501,0502,0502,0502,0502,0502,0502,0500,0500,0503,0503,0501,0507,0507,0503,0500,0500,0500,0502,0502,0502,0502,0500,0500,0507,0500,0500,0500,0507,0500,0500,0505,0505,0507,0505,0507,0507,0507,0507,0507,0507,0507,0507,0507,0507,0507,0500,0500,0506,0500,0500,0506,0500,0506,0500,0504,0502,0504,0502,0502,0504,0502,0502,0502,0504,0502,0502,0504,0502,0502,0504,0502,0502,0502,0502,0504,0502,0502,0502,0502,0502,0504,0502,0502,0502,0502,0502,0502,0502,0502,0502,0502,0502,0502,0502,0502,0502,0502,0502,0505,0502,0502,0502,0505,0502,0502,0502,0502,0505,0502,0502,0502,0505,0502,0502,0505,0502,0502,0505,0502,0502,0505,0502,0505,0502,0505,0502,0501,0506,0501,0501,0506,0501,0501,0501,0501,0501,0507,0501,0501,0507,0501,0507,0501,0507,0501,0503,0505,0503,0503,0505,0503,0503,0505,0503,0503,0503,0505,0503,0503,0503,0505,0503,0503,0503,0503,0503,0505,0503,0503,0503,0503,0503,0503,0505,0503,0503,0503,0503,0503,0503,0503,0503,0503,0504,0503,0503,0503,0503,0503,0504,0503,0503,0503,0503,0503,0504,0503,0503,0503,0503,0504,0503,0503,0504,0503,0503,0504,0503,0504,0503,0503,0504,0503,0504,0503,0504,0503,0500,0507,0500,0500,0500,0500,0506,0506,0506,0506,0506,0506,0506,0506,0506,0506,0506,0506,0506,0506,0506,0506,0506,0506,0506,0506,0506,0506,0506,0506,0506,0506,0506,0506,0506,0506,",
    "url": "https://www.digikey.com/short/3tj2fnwv"
  },
  {
    "coin": "0325,0506,0500,0504,0502,0504,0502,0507,0500,0500,0500,0500,0506,0500,0502,0502,0502,0502,0502,0502,0502,0501,0501,0501,0501,0501,0501,0501,0501,0501,0501,0501,0503,0503,0503,0503,0503,0503,0503,0504,0503,0504,0503,0500,0506,0506,0506,0500,0506,0500,0502,0502,0501,0501,0501,0503,0503,0504,0503,0504,0504,0504,0504,0506,0502,0502,0500,0500,0503,0505,0503,0506,0506,0506,0506,0506,0506,0502,0504,0502,0502,0502,0502,0502,0505,0502,0505,0502,0501,0501,0501,0507,0501,0507,0501,0503,0503,0503,0504,0503,0503,0501,0506,0501,0506,0501,0502,0502,0502,0504,0502,0504,0502,0504,0502,0504,0502,0500,0500,0500,0507,0500,0500,0507,0500,0504,0503,0503,0503,0503,0503,0503,0505,0503,0505,0503,0506,0506,0506,0506,0506,0506,0506,0506,0506,0506,0502,0504,0502,0504,0502,0502,0502,0502,0502,0502,0502,0501,0501,0501,0501,0501,0501,0501,0501,0501,0501,0501,0503,0503,0500,0500,0500,0500,0503,0503,0503,0503,0504,0503,0504,0503,0500,0500,0506,0502,0504,0502,0502,0502,0502,0501,0501,0501,0503,0503,0503,0504,0503,0505,0505,0505,0505,0505,0505,0505,0506,0323,0506,0506,0505,0505,0505,0505,0506,0506,0505,0506,0506,0503,0503,0503,0504,0503,0503,0503,0503,0503,0504,0503,0503,0503,0503,0503,0503,0503,0503,0503,0503,0504,0503,0503,0503,0503,0503,0503,0503,0503,0503,0503,0503,0504,0503,0503,0503,0503,0503,0503,0503,0503,0503,0503,0503,0503,0503,0503,0503,0503,0503,0503,0503,0503,0503,0503,0505,0503,0503,0503,0507,0507,0507,0507,0507,0503,0503,0503,0506,0506,0506,0502,0505,0325,0502,0502,0502,0500,0507,0500,0500,0500,0506,0500,0500,0500,0506,0500,0500,0500,0506,0500,0503,0503,0503,0501,0501,0507,0501,0501,0501,0507,0500,0500,0507,0500,0500,0500,0503,0503,0501,0501,0501,0506,0501,0501,0506,0501,0501,0506,0501,0501,0506,0506,0506,0506,0506,0504,0500,0500,0500,0500,0500,0500,0506,0500,0504,0502,0504,0502,0502,0502,0502,0505,0502,0501,0503,0503,0503,0503,0505,0503,0505,0502,0502,0502,0502,0502,0505,0502,0501,0501,0507,0501,0507,0501,0503,0503,0504,0503,0505,0503,0503,0503,0504,0504,0506,0506,0506,0500,0502,0502,0504,0506,0506,0506,0506,0500,0500,0500,0500,0507,0500,0500,0500,0502,0502,0501,0501,0506,0501,0501,0501,0506,0501,0501,0507,0503,0501,0501,0505,0502,0502,0502,0504,0502,0500,0500,0506,0500,0500,0500,0506,0501,0501,0501,0501,0506,0501,0501,0502,0502,0502,0500,0506,0500,0500,0500,0500,0506,0500,0500,0500,0506,0500,0500,0503,0503,0503,0501,0501,0501,0507,0501,0501,0501,0507,0501,0500,0500,0500,0507,0500,0500,0500,0507,0500,0503,0503,0501,0501,0507,0501,0501,0501,0506,0505,0505,0505,0506,0506,0506,0506,0506,0506,0506,0506,",
    "url": "https://www.pcbway.com/project/shareproject/Trash_Robot_main__brain__board.html"
  },
  {
    "coin": "0326,0506,0506,0506,0506,0506,0506,0506,0506,0506,0506,0506,0506,0506,0506,0506,0506,0506,0506,0500,0500,0500,0500,0500,0500,0500,0500,0500,0500,0500,0500,0500,0500,0500,0500,0500,0500,0500,0500,0503,0503,0503,0503,0503,0503,0503,0503,0503,0503,0503,0503,0503,0503,0503,0503,0503,0503,0503,0503,0503,0503,0503,0503,0503,0503,0503,0503,0503,0503,0503,0503,0503,0503,0503,0501,0501,0501,0501,0501,0501,0501,0501,0501,0501,0501,0501,0501,0501,0501,0501,0501,0501,0501,0501,0501,0501,0501,0501,0501,0501,0501,0501,0501,0501,0501,0501,0501,0501,0501,0501,0501,0501,0501,0502,0502,0502,0502,0502,0502,0502,0504,0502,0504,0502,0504,0502,0502,0502,0500,0500,0500,0500,0500,0500,0500,0500,0506,0500,0500,0500,0500,0506,0500,0500,0503,0503,0503,0505,0503,0503,0505,0503,0503,0500,0500,0506,0500,0500,0506,0500,0500,0506,0500,0500,0507,0500,0503,0504,0503,0503,0504,0503,0504,0502,0504,0502,0502,0502,0502,0502,0502,0502,0502,0504,0502,0500,0506,0500,0506,0500,0506,0500,0506,0500,0502,0502,0501,0501,0501,0501,0501,0501,0501,0502,0502,0502,0505,0502,0502,0505,0502,0505,0502,0502,0505,0503,0503,0505,0503,0503,0503,0505,0503,0501,0501,0506,0501,0501,0501,0501,0501,0507,0500,0507,0500,0507,0500,0503,0503,0504,0503,0507,0501,0501,0501,0501,0501,0501,0501,0501,0501,0501,0501,0506,0501,0501,0501,0506,0501,0502,0502,0502,0505,0502,0502,0505,0502,0505,0502,0502,0502,0502,0502,0502,0502,0502,0502,0502,0500,0500,0500,0500,0500,0500,0500,0500,0500,0500,0500,0500,0500,0500,0500,0500,0500,0500,0500,0507,0507,0507,0507,0507,0507,0507,0507,0507,0507,0507,0507,0507,0507,0507,0507,0507,0507,",
    "url": "https://www.pololu.com/product/2966"
  },
  {
    "url": "https://github.com/LafeLabs/geometronmagic",
    "coin": "0506,0506,0506,0506,0506,0506,0506,0506,0506,0506,0506,0506,0506,0506,0506,0506,0506,0506,0506,0500,0500,0500,0500,0500,0500,0507,0500,0500,0507,0500,0500,0507,0500,0507,0500,0500,0507,0500,0503,0504,0503,0504,0503,0504,0503,0503,0504,0503,0503,0503,0504,0503,0503,0503,0503,0503,0503,0503,0503,0503,0503,0503,0503,0505,0503,0503,0503,0505,0503,0505,0503,0503,0505,0503,0505,0503,0505,0503,0505,0503,0501,0507,0501,0501,0507,0501,0501,0507,0501,0501,0501,0501,0501,0501,0501,0501,0501,0501,0501,0501,0501,0506,0501,0501,0506,0501,0501,0506,0501,0501,0506,0501,0506,0501,0506,0501,0505,0502,0502,0505,0502,0505,0502,0502,0505,0502,0502,0502,0502,0505,0502,0502,0502,0502,0502,0502,0502,0504,0502,0502,0502,0504,0502,0502,0502,0504,0502,0504,0502,0502,0504,0502,0504,0502,0504,0502,0504,0502,0500,0506,0500,0500,0506,0500,0500,0506,0500,0500,0500,0500,0500,0500,0500,0507,0507,0507,0507,0507,0507,0507,0507,0507,0507,0507,0507,0500,0500,0500,0500,0500,0500,0507,0500,0500,0500,0500,0500,0503,0503,0505,0503,0505,0503,0504,0503,0503,0503,0503,0503,0505,0503,0503,0504,0503,0504,0503,0503,0501,0501,0501,0501,0507,0501,0501,0501,0501,0501,0501,0501,0501,0506,0501,0506,0501,0502,0505,0502,0502,0502,0505,0503,0501,0501,0501,0501,0501,0501,0502,0502,0502,0502,0502,0502,0500,0500,0500,0502,0502,0502,0502,0504,0502,0500,0506,0500,0500,0502,0500,0507,0507,0501,0507,0501,0507,0501,0503,0503,0503,0500,0503,0500,0502,0502,0504,0502,0504,0502,0504,0502,0504,0502,0507,0507,0507,0507,0507,0507,0507,"
  },
  {
    "coin": "0504,0504,0504,0504,0504,0506,0506,0506,0504,0506,0506,0506,01127,01127,01127,0507,0507,0507,0507,0507,0507,0507,0507,0507,0500,0500,0500,0500,0500,0500,0500,0500,0500,0500,0500,0500,0500,0505,0502,0502,0505,0502,0502,0502,0502,0502,0502,0502,0502,0502,0502,0504,0502,0502,0502,0502,0504,0502,0502,0504,0502,0502,0502,0504,0502,0502,0502,0502,0502,0504,0502,0502,0502,0502,0502,0505,0502,0502,0502,0505,0502,0505,0502,0501,0501,0501,0501,0501,0501,0501,0501,0501,0501,0501,0501,0501,0501,0501,0501,0501,0501,0501,0501,0501,0506,0500,0500,0500,0500,0500,0500,0500,0500,0500,0500,0500,0500,0500,0500,0500,0500,0500,0500,0500,0500,0500,0500,0507,0500,0500,0500,0506,0500,0502,0502,0505,0502,0501,0501,0507,0501,0501,0501,0501,0501,0501,0501,0501,0501,0501,0501,0501,0501,0501,0501,0501,0501,0501,0501,0501,0501,0501,0501,0501,0501,0501,0501,0501,0501,0501,0501,0501,0501,0501,0501,0501,0501,0501,0501,0501,0501,0501,0501,0501,0501,0501,0501,0503,0503,0500,0500,0500,0500,0500,0500,0500,0500,0500,0500,0500,0500,0500,0500,0500,0500,0500,0500,0500,0500,0500,0500,0500,0500,0507,0503,0503,0504,0503,0503,0503,0504,0503,0503,0503,0503,0503,0503,0503,0505,0503,0503,0503,0505,0503,0503,0503,0503,0505,0503,0503,0503,0505,0503,0503,0505,0503,0503,0503,0503,0503,0503,0503,0504,0503,0503,0503,0504,0503,0503,0500,0500,0500,0500,0500,0500,0500,0500,0500,0506,0505,0505,0505,0505,0505,0505,0506,0506,0506,0506,0506,0506,0506,0506,0506,0506,0506,0506,0506,0506,0506,0506,0506,0506,0506,0506,",
    "url": "user.php?scroll=scrolls/flags"
  },
  {
    "coin": "0327,0500,0500,0500,0500,0500,0500,0500,0500,0500,0500,0500,0500,0500,0500,0500,0500,0500,0500,0500,0500,0500,0500,0502,0502,0502,0505,0502,0502,0502,0502,0505,0502,0502,0505,0502,0502,0505,0502,0505,0502,0502,0505,0502,0505,0502,0505,0502,0505,0502,0501,0506,0501,0501,0506,0501,0501,0501,0506,0501,0501,0501,0506,0501,0501,0501,0501,0501,0501,0507,0501,0501,0501,0501,0507,0501,0501,0501,0507,0501,0507,0501,0501,0507,0501,0507,0501,0507,0501,0507,0501,0507,0501,0507,0501,0503,0505,0503,0503,0505,0503,0503,0505,0503,0503,0503,0503,0505,0503,0503,0503,0503,0503,0504,0503,0503,0503,0503,0504,0503,0503,0503,0504,0503,0503,0504,0503,0504,0503,0504,0503,0504,0503,0504,0503,0504,0503,0504,0503,0504,0503,0500,0500,0507,0500,0500,0507,0500,0500,0500,0507,0500,0500,0500,0500,0500,0500,0500,0506,0500,0500,0500,0506,0500,0500,0506,0500,0500,0506,0500,0500,0506,0500,0500,0506,0500,0506,0500,0504,0502,0502,0504,0502,0504,0502,0502,0504,0502,0502,0504,0502,0502,0502,0502,0504,0502,0502,0502,0505,0505,0505,0505,0506,0505,0505,0505,0505,0505,0505,0505,0505,0505,0505,0505,0505,0505,0505,0505,0505,0505,0501,0502,0502,0502,0502,0502,0502,0502,0502,0502,0502,0502,0502,0502,0502,0502,0502,0502,0502,0502,0502,0502,0507,0507,0507,0504,0504,0504,0507,0507,0507,0504,0504,01120,01111,0505,0505,0505,0505,0505,0505,0506,0506,0505,0505,0505,0505,0505,0505,0505,0505,0506,0505,0506,0506,0506,0506,0506,0506,0506,0506,0506,01103,01122,01125,01123,01124,0504,0504,0504,0504,0504,0504,0504,0504,0504,0504,0506,0506,0506,0506,0506,0506,0506,0506,0506,0506,0506,0506,0506,0506,0506,",
    "url": "picrust.html"
  },
  {
    "coin": "0327,0502,0502,0500,0500,0507,0500,0500,0507,0500,0503,0503,0503,0501,0507,0501,0501,0501,0506,0501,0505,0502,0502,0502,0502,0502,0502,0501,0501,0501,0502,0502,0500,0500,0500,0500,0502,0505,0502,0501,0507,0507,0504,0504,0503,0507,0500,0507,0507,0505,0503,0504,0503,0500,0500,0500,0502,0504,0500,0500,0500,0500,0506,0500,0500,0500,0500,0506,0500,0500,0506,0500,0502,0502,0504,0502,0502,0505,0502,0502,0505,0502,0502,0505,0502,0502,0502,0502,0502,0502,0505,0502,0502,0502,0505,0502,0502,0505,0502,0505,0502,0505,0502,0501,0501,0501,0501,0501,0501,0501,0501,0501,0501,0501,0501,0501,0501,0501,0501,0501,0501,0501,0501,0501,0501,0501,0501,0501,0501,0501,0501,0507,0501,0503,0503,0503,0504,0503,0504,0503,0500,0500,0500,0500,0500,0500,0500,0500,0500,0507,0500,0500,0500,0507,0500,0503,0503,0503,0503,0503,0503,0503,0501,0501,0501,0501,0501,0501,0501,0501,0501,0501,0501,0501,0501,0501,0504,0502,0502,0504,0502,0502,0500,0500,0500,0500,0500,0500,0500,0500,0500,0500,0500,0504,0500,0503,0504,0503,0500,0507,0500,0500,0500,0500,0502,0507,0503,0500,0506,0506,0502,0504,0506,0506,0506,0500,0502,0502,0505,0502,0501,0507,0501,0503,0504,0503,0500,0506,0506,0506,0500,0507,0500,0507,0500,0504,0504,0503,0502,0502,0502,0502,0505,0502,0507,0507,0507,0507,0504,0504,0504,0504,0504,0504,0504,0507,0503,0504,0503,0504,0503,0503,0503,0503,0507,0507,0505,0507,0507,0507,0505,0507,0507,0505,0507,0503,0503,0503,0503,0503,0503,0503,0503,0503,0503,0503,0503,0503,0503,0503,0503,0505,0503,0503,0505,0503,0503,0505,0503,0505,0503,0505,0503,0501,0501,0507,0501,0501,0507,0501,0501,0501,0501,0501,0501,0501,0506,0501,0501,0501,0501,0501,0501,0501,0501,0501,0501,0501,0501,0501,0501,0501,0501,0506,0501,0506,0501,0506,0501,0502,0502,0502,0502,0502,0502,0504,0502,0502,0504,0502,0502,0502,0504,0502,0502,0504,0502,0500,0500,0500,0500,0500,0500,0500,0502,0502,0500,0505,0501,0501,0501,0501,0501,0501,0501,0501,0506,0501,0506,0501,0506,0501,0502,0502,0502,0502,0502,0502,0502,0504,0502,0504,0502,0504,0504,0506,0506,0504,0502,0500,0500,0507,0501,0504,0504,0502,0500,0502,0507,0507,0507,0507,0505,0505,0501,0503,0504,0503,0503,0505,0503,0505,0503,0505,0503,0501,0501,0501,0506,0506,0502,0500,0500,0500,0507,0500,0506,0506,0502,0501,0501,0507,0507,0507,0507,0507,0507,0507,0507,0507,0504,0507,0504,0504,0504,0504,0504,0504,0504,0504,0504,0507,0504,0504,0504,0504,0507,0504,0504,0500,0500,0505,0501,0503,0503,0500,0500,0500,0507,0500,0500,0500,0503,0503,0501,0501,0501,0501,0501,0503,0503,0500,0500,0500,0500,0500,0500,0500,0502,0502,0502,0500,0500,0502,0502,0502,0501,0501,0501,0506,0501,0507,0507,0507,0507,0507,0507,0507,0507,0507,0500,0500,0503,0503,0503,0503,0503,0505,0503,0503,0501,0507,0501,0501,0501,0506,0501,0506,0501,0502,0502,0502,0502,0502,0501,0501,0501,0502,0502,0500,0500,0500,0500,0500,0507,0500,0500,0500,0507,0503,0503,0503,0505,0503,0501,0501,0502,0502,0502,0500,0500,0507,0507,0507,0504,0504,0504,0507,0507,0504,0504,0504,0507,0503,0503,0503,0505,0503,0503,0505,0503,0503,0503,0500,0500,0502,0502,0502,0502,0500,0503,0503,0503,0503,0503,0501,0504,0504,0502,0504,0502,0502,0502,0505,0502,0505,0502,0502,0502,0502,0505,0505,0505,0505,0505,0505,0505,0505,0505,0505,0506,0506,0506,0506,0506,0506,0506,0506,0505,0505,0505,0505,0505,0505,0505,0505,0505,0505,0505,0505,0505,0505,0505,0505,0505,0507,0507,0505,0505,0505,0503,0500,0500,0500,0506,0500,0502,0501,0506,0501,0501,0501,0504,0506,0502,0500,0500,0500,0500,0507,0500,0503,0505,0503,0506,0506,0506,0506,0501,0501,0501,0504,0504,0500,0500,0500,0500,0500,0500,0500,0505,0502,0502,0502,0502,0505,0505,0501,0507,0500,0505,0507,0501,0506,0501,0501,0501,0507,0507,0501,0500,0500,0500,0504,0504,0504,0504,0504,0504,0504,0504,0504,0504,0504,0504,0504,0504,0504,0506,0506,0506,0506,0506,0506,0506,0506,0506,",
    "url": "php/replicator.txt"
  },
  {
    "coin": "0505,0505,0505,0505,0505,0505,0505,0505,0505,0505,0505,0505,0505,0505,0505,0505,0505,0505,0505,0505,0505,0505,0505,0505,0505,0505,0506,0506,0506,0506,0506,0506,0506,0506,0506,0506,0506,0506,0506,0506,0506,0506,0506,0506,01173,01112,01123,01117,01116,01175,0504,0504,0504,0504,0504,0504,0504,0504,0504,0504,0504,0504,0504,0504,0504,0504,0504,0504,0500,0507,0500,0500,0507,0500,0500,0507,0500,0500,0500,0507,0500,0500,0500,0500,0500,0500,0500,0500,0500,0500,0500,0500,0500,0506,0500,0500,0506,0500,0500,0506,0500,0506,0500,0500,0506,0500,0506,0500,0506,0500,0506,0500,0506,0500,0502,0504,0502,0504,0502,0502,0502,0504,0502,0502,0504,0502,0502,0502,0502,0504,0502,0502,0502,0502,0502,0505,0502,0502,0502,0505,0502,0502,0502,0505,0502,0502,0505,0502,0505,0502,0502,0505,0502,0505,0502,0505,0502,0505,0502,0505,0502,0501,0506,0501,0501,0506,0501,0506,0501,0501,0501,0506,0501,0501,0501,0501,0501,0501,0501,0501,0501,0501,0501,0507,0501,0501,0501,0507,0501,0501,0507,0501,0501,0507,0501,0507,0501,0507,0501,0501,0507,0501,0507,0501,0503,0505,0503,0505,0503,0503,0505,0503,0503,0505,0503,0503,0505,0503,0503,0503,0503,0503,0503,0503,0503,0503,0503,0503,0503,0504,0503,0503,0503,0504,0503,0503,0504,0503,0504,0503,0503,0504,0503,0504,0503,0504,0503,0504,0503,0506,0506,0506,0506,0506,0506,0506,0505,0505,0505,0505,0505,0505,0505,0506,0506,0506,0506,0506,0506,0506,0506,0506,0506,0506,0506,0506,0506,0502,0504,0502,0502,0504,0502,0502,0504,0502,0504,0502,0500,0506,0500,0500,0506,0500,0506,0500,0500,0500,0506,0500,0500,0500,0500,0500,0500,0500,0500,0500,0500,0500,0500,0500,0500,0507,0500,0507,0500,0500,0507,0500,0507,0500,0507,0500,0507,0500,0507,0500,0503,0503,0503,0503,0503,0503,0503,0505,0503,0503,0505,0503,0505,0503,0505,0503,0505,0503,0501,0507,0501,0501,0501,0501,0507,0501,0501,0501,0501,0506,0501,0501,0506,0501,0501,0506,0501,0506,0501,0506,0501,0506,0501,0506,0501,0502,0504,0502,0504,0502,0504,0502,0504,0502,0504,0502,0500,0500,0506,0500,0500,0500,0500,0500,0500,0500,0507,0500,0500,0500,0507,0500,0500,0507,0500,0507,0500,0507,0500,0503,0504,0504,0504,0504,0504,0504,0504,0507,0507,0507,0507,0507,0507,0504,0504,0507,0507,0503,0503,0505,0503,0505,0503,0501,0507,0501,0501,0507,0501,0501,0501,0507,0501,0501,0501,0501,0501,0507,0501,0501,0501,0501,0501,0501,0501,0506,0501,0501,0501,0506,0501,0501,0506,0501,0506,0501,0506,0501,0506,0501,0506,0501,0502,0505,0502,0502,0502,0502,0502,0502,0504,0504,0504,0504,0504,0506,",
    "url": "data/dna.txt"
  },
  {
    "coin": "0504,0504,0504,0504,0504,0504,0504,0504,0504,0504,0504,0504,0504,0504,0504,0504,0504,0504,0506,0506,0506,0506,0506,0506,0506,0506,0506,0506,0506,0506,01110,01124,01115,01114,0322,0505,0505,0505,0505,0502,0502,0502,0502,0502,0502,0502,0502,0502,0502,0502,0502,0502,0502,0502,0502,0502,0502,0502,0502,0502,0502,0502,0502,0502,0502,0502,0502,0502,0502,0501,0501,0501,0501,0501,0501,0507,0501,0501,0501,0501,0501,0501,0501,0501,0501,0501,0501,0507,0501,0501,0501,0501,0501,0501,0501,0501,0501,0501,0507,0501,0501,0501,0501,0501,0501,0501,0501,0507,0501,0501,0503,0503,0503,0503,0505,0503,0503,0503,0505,0503,0503,0503,0503,0505,0503,0503,0505,0503,0504,0503,0503,0504,0503,0503,0503,0503,0504,0503,0503,0503,0503,0504,0503,0503,0503,0503,0504,0503,0500,0500,0500,0500,0500,0500,0500,0507,0500,0500,0500,0500,0500,0500,0500,0500,0500,0500,0507,0500,0500,0500,0500,0500,0500,0500,0500,0500,0507,0500,0500,0500,0500,0500,0500,0500,0500,0500,0500,0502,0502,0502,0502,0502,0502,0505,0505,0505,0505,0505,0505,0505,0502,0502,0502,0502,0502,0502,0502,0502,0502,0502,0502,0502,0502,0502,0502,0502,0502,0502,0502,0502,0502,0502,0502,0502,0501,0501,0501,0501,0507,0501,0501,0501,0501,0501,0501,0501,0501,0507,0501,0501,0503,0503,0503,0503,0503,0503,0503,0503,0503,0503,0503,0503,0503,0503,0503,0501,0501,0501,0501,0501,0505,0502,0502,0502,0505,0502,0502,0502,0504,0502,0502,0502,0504,0502,0500,0500,0500,0502,0502,0502,0502,0502,0501,0501,0501,0501,0501,0501,0501,0507,0501,0503,0503,0505,0503,0503,0503,0503,0505,0503,0503,0503,0503,0503,0504,0503,0503,0503,0504,0503,0503,0503,0504,0503,0503,0500,0500,0500,0500,0500,0507,0500,0500,0500,0500,0500,0500,0500,0500,0500,0502,0502,0502,0502,0502,0502,0502,0502,0502,0502,0502,0502,0502,0502,0502,0502,0502,0500,0500,0500,0500,0503,0503,0503,0503,0503,0503,0503,0503,0503,0503,0503,0503,0503,0503,0503,0503,0503,0500,0503,0500,0500,0500,0500,0505,0505,0505,0505,0505,0505,0505,0506,0506,0506,0506,0506,0506,0506,0506,0506,0506,0506,0506,",
    "url": "https://github.com/LafeLabs/geometronmagic/blob/main/index.html"
  },
  {
    "coin": "0324,0506,0500,0500,0500,0500,0500,0500,0500,0500,0500,0500,0500,0502,0502,0502,0502,0501,0501,0501,0501,0501,0501,0501,0501,0501,0501,0501,0501,0501,0501,0501,0501,0501,0501,0501,0502,0502,0504,0502,0502,0502,0504,0502,0502,0502,0501,0501,0501,0501,0501,0501,0503,0503,0503,0503,0505,0503,0503,0503,0503,0503,0505,0503,0503,0503,0500,0500,0500,0500,0500,0500,0500,0500,0500,0500,0500,0500,0500,0500,0507,0507,0500,0500,0500,0500,0500,0500,0500,0500,0500,0500,0500,0503,0503,0503,0503,0503,0503,0503,0503,0503,0503,0503,0503,0503,0501,0501,0501,0501,0501,0502,0502,0502,0502,0502,0502,0502,0502,0502,0501,0501,0501,0501,0501,0501,0503,0503,0503,0503,0503,0503,0503,0501,0501,0501,0501,0501,0501,0501,0501,0501,0501,0501,0502,0505,0502,0502,0502,0502,0505,0502,0502,0502,0505,0502,0502,0502,0500,0500,0500,0500,0500,0503,0503,0504,0503,0503,0503,0503,0504,0503,0500,0500,0500,0502,0502,0505,0502,0502,0502,0505,0502,0502,0500,0500,0500,0500,0500,0500,0507,0507,0507,0507,0507,0507,0507,0507,0507,0507,0507,0507,0507,0507,0507,0507,0500,0500,0500,0500,0500,0500,0500,0500,0500,0500,0500,0500,0507,0500,0500,0500,0500,0500,0500,0500,0502,0502,0502,0502,0502,0502,0502,0502,0502,0502,0502,0502,0502,0502,0502,0502,0502,0502,0502,0502,0502,0502,0502,0502,0502,0502,0502,0502,0502,0502,0502,0502,0502,0502,0502,0502,0501,0501,0501,0501,0501,0501,0501,0501,0501,0507,0501,0501,0501,0501,0501,0501,0501,0501,0501,0501,0507,0501,0501,0501,0501,0501,0501,0501,0501,0501,0501,0501,0501,0507,0501,0501,0501,0501,0501,0501,0505,0503,0503,0503,0503,0505,0503,0503,0503,0505,0503,0503,0503,0505,0503,0503,0503,0503,0505,0503,0504,0503,0503,0503,0503,0504,0503,0503,0503,0504,0503,0503,0503,0504,0503,0503,0503,0504,0503,0503,0500,0500,0500,0500,0500,0500,0500,0507,0500,0500,0500,0500,0500,0500,0500,0507,0500,0500,0500,0500,0506,0506,0506,0506,0506,0506,0506,0506,0506,0506,0506,0506,0506,0506,0506,0506,0506,",
    "url": "jscode/geometron.js"
  },
  {
    "coin": "0504,0504,0504,0504,0504,0504,0504,0504,0504,0504,0504,0504,0504,0504,0504,0504,0504,0504,0504,0504,0504,0504,0504,0504,0504,0504,0504,0504,0501,0501,0506,0501,0501,0506,0501,0501,0506,0501,0506,0501,0501,0506,0501,0501,0506,0501,0501,0506,0501,0506,0501,0501,0506,0501,0501,0506,0501,0506,0501,0501,0506,0501,0501,0506,0501,0501,0506,0501,0506,0501,0501,0506,0501,0501,0506,0501,0501,0506,0501,0506,0501,0501,0506,0501,0501,0506,0501,0506,0501,0501,0506,0501,0501,0506,0501,0506,0501,0503,0503,0503,0503,0503,0503,0503,0503,0503,0503,0503,0503,0503,0503,0503,0503,0503,0503,0503,0503,0503,0503,0503,0503,0503,0503,0503,0503,0503,0503,0503,0503,0503,0503,0503,0503,0503,0503,0503,0503,0503,0503,0503,0503,0503,0503,0503,0503,0503,0503,0504,0502,0500,0506,0500,0506,0500,0500,0506,0500,0500,0506,0500,0506,0500,0500,0506,0500,0500,0506,0500,0500,0506,0500,0506,0500,0500,0506,0500,0500,0506,0500,0500,0506,0500,0506,0500,0500,0506,0500,0500,0506,0500,0500,0506,0500,0506,0500,0500,0506,0500,0500,0506,0500,0500,0506,0500,0506,0500,0500,0506,0500,0500,0506,0500,0505,0505,0505,0505,0505,0505,0505,0505,0505,0505,0505,0505,0505,0505,0505,0505,0505,0505,0505,0505,0502,0502,0502,0502,0502,0502,0502,0502,0502,0502,0502,0502,0501,0501,0507,0501,0501,0507,0501,0501,0507,0501,0507,0501,0501,0507,0501,0501,0507,0501,0507,0501,0501,0507,0501,0501,0507,0501,0501,0507,0501,0507,0501,0507,0500,0507,0500,0500,0507,0500,0500,0507,0500,0500,0507,0500,0507,0500,0500,0507,0500,0500,0507,0500,0500,0507,0500,0507,0500,0500,0507,0500,0500,0500,0503,0506,0502,0502,0502,0502,0502,0502,0502,0502,0502,0502,0505,0505,0505,0505,0505,0506,",
    "url": "symbol.html"
  },
  {
    "coin": "0502,0502,0502,0502,0502,0502,0507,0507,0507,0507,0507,0503,0503,0503,0503,0503,0503,0503,0503,0503,0503,0503,0507,0507,0507,0507,0507,0500,0500,0507,0500,0500,0500,0507,0500,0500,0507,0500,0500,0500,0500,0507,0500,0500,0500,0500,0500,0500,0500,0506,0500,0500,0506,0500,0506,0500,0502,0502,0504,0502,0502,0502,0502,0502,0502,0502,0502,0502,0502,0502,0502,0502,0502,0502,0502,0502,0502,0502,0502,0502,0502,0502,0502,0502,0502,0502,0502,0502,0505,0502,0505,0502,0505,0502,0501,0501,0501,0501,0507,0501,0501,0507,0501,0503,0505,0503,0504,0503,0504,0503,0500,0500,0500,0506,0500,0503,0503,0503,0503,0503,0503,0500,0506,0500,0500,0506,0500,0505,0505,0505,0507,0505,0507,0501,0501,0501,0501,0501,0502,0502,0502,0502,0502,0507,0507,0507,0507,0507,0501,0501,0506,0501,0501,0501,0506,0501,0501,0501,0501,0506,0501,0501,0506,0501,0501,0506,0501,0501,0506,0501,0501,0506,0501,0501,0501,0506,0501,0501,0501,0506,0501,0501,0501,0501,0506,0501,0501,0501,0501,0501,0507,0501,0501,0501,0507,0501,0503,0503,0505,0503,0503,0503,0503,0503,0503,0503,0503,0503,0503,0503,0503,0503,0503,0503,0503,0503,0503,0503,0503,0503,0503,0503,0503,0503,0504,0503,0503,0504,0503,0500,0507,0500,0500,0500,0506,0500,0500,0506,0500,0502,0502,0504,0502,0502,0502,0502,0502,0502,0502,0502,0502,0502,0502,0502,0502,0502,0502,0502,0502,0502,0502,0502,0502,0502,0502,0502,0505,0502,0505,0502,0501,0501,0507,0501,0503,0503,0503,0503,0503,0503,0500,0500,0506,0500,0500,0505,0505,0505,0505,0507,0501,0506,0501,0506,0501,0505,0502,0502,0507,0507,0507,0507,0504,0507,0507,0504,0507,0504,0507,0507,0507,0507,0507,0507,0507,0507,0504,0507,0504,0507,0504,0507,0504,0507,0504,0507,0504,0507,0500,0500,0500,0500,0507,0500,0500,0500,0507,0500,0500,0507,0500,0500,0500,0507,0500,0500,0504,0504,0504,0504,0504,0504,0506,0504,0502,0502,0502,0502,0502,0502,0502,0502,0502,0502,0502,0502,0502,0502,0502,0502,0504,0504,0504,0504,0504,0504,0504,0507,0507,0503,0503,0503,0503,0503,0503,0503,0503,0503,0503,0503,0503,0503,0503,0503,0503,0505,0505,0505,0505,0505,0505,0505,0505,0505,0505,0505,0505,0505,0505,0505,0505,0505,0505,0505,0505,0505,0505,0506,0506,0506,0506,0506,0506,0506,0506,0504,0502,0502,0502,0502,0502,0502,0502,0502,0502,0502,0502,0502,0502,0502,0502,0502,0502,0507,0507,0507,0507,0504,0507,0507,0507,0507,0507,0507,0504,0504,0504,0504,0504,0504,",
    "url": "user.php?scroll=scrolls/home"
  },
  {
    "coin": "0500,0500,0500,0500,0500,0500,0500,0500,0500,0500,0500,0500,0500,0500,0500,0500,0500,0500,0500,0500,0500,0500,0500,0500,0500,0500,0500,0500,0500,0506,0505,0501,0501,0506,0501,0501,0501,0506,0501,0501,0501,0501,0506,0501,0501,0501,0506,0501,0501,0506,0501,0501,0501,0506,0501,0501,0501,0506,0501,0502,0502,0505,0502,0502,0502,0505,0502,0502,0502,0505,0502,0502,0502,0505,0502,0502,0502,0505,0502,0502,0505,0502,0502,0502,0505,0502,0502,0507,0507,0501,0503,0503,0505,0503,0503,0505,0503,0503,0503,0505,0503,0503,0503,0505,0503,0503,0503,0505,0503,0503,0503,0505,0503,0503,0503,0507,0501,0501,0507,0501,0501,0501,0507,0501,0501,0501,0501,0507,0501,0501,0507,0501,0501,0501,0501,0507,0501,0501,0507,0501,0501,0501,0507,0501,0501,0504,0507,0500,0500,0507,0500,0500,0500,0507,0500,0500,0500,0507,0500,0500,0500,0507,0500,0500,0500,0507,0500,0500,0500,0507,0500,0500,0500,0507,0500,0503,0504,0503,0503,0503,0503,0504,0503,0503,0503,0504,0503,0503,0503,0504,0503,0503,0503,0504,0503,0503,0503,0504,0503,0503,0503,0504,0503,0504,0502,0502,0502,0504,0502,0502,0502,0504,0502,0502,0502,0502,0504,0502,0502,0504,0502,0502,0502,0504,0502,0502,0502,0504,0502,0502,0502,0504,0502,0500,0500,0506,0500,0500,0500,0506,0500,0500,0500,0506,0500,0500,0500,0506,0500,0500,0500,0506,0500,0500,0500,0506,0500,0500,0505,0505,0505,0505,0507,0505,0505,0505,0505,0505,0505,0505,0505,0505,0505,0505,0505,0505,0505,0505,0505,0505,0505,0505,0505,0505,0505,0505,0506,0502,0501,0501,0501,0501,0501,0501,0501,0501,0501,0501,0501,0501,0501,0501,0501,0501,0501,0501,0501,0501,0501,0501,0501,0501,0501,0501,0501,0504,0504,0504,0504,0504,0504,0504,0504,0504,0504,0504,0504,0504,0504,0504,0504,0504,0504,0504,0504,0504,0504,0504,0504,0504,0504,0504,0502,0502,0502,0502,0502,0502,0502,0502,0502,0502,0502,0502,0502,0502,0502,0502,0502,0502,0502,0502,0502,0502,0502,0502,0502,0502,0502,0507,0507,0507,0507,0507,0507,0507,0507,0507,0507,0507,0507,0507,0507,0507,0507,0507,0507,0507,0507,0507,0507,0507,0507,0507,0507,0507,0503,0503,0503,0503,0503,0503,0503,0503,0503,0503,0503,0503,0503,0503,0503,0503,0503,0503,0503,0503,0503,0503,0503,0503,0503,0503,0503,0503,0506,0506,0506,0506,0506,0506,0504,0506,0506,0504,0506,0506,0504,0506,0506,0506,0504,0506,0506,0506,0504,0506,0504,0506,0504,0506,0506,0502,0505,0502,0505,0502,0505,0502,0505,0502,0505,0502,0505,0502,0506,0502,0504,0502,0504,0502,0504,0502,0504,0502,0504,0502,0504,0502,0505,0505,0505,0505,0507,0507,0507,0505,0505,0507,0507,0507,0505,0505,0507,0502,0505,0502,0505,0502,0505,0502,0505,0502,0505,0502,0505,0502,0507,0507,0507,0504,0504,0507,0507,0504,0504,0507,0504,0507,0504,0503,0505,0503,0505,0503,0505,0503,0505,0503,0505,0503,0505,0503,0506,0506,0506,0501,0501,0501,0501,0501,0505,0505,0505,0506,0502,0500,0500,0500,0500,0500,0500,0500,0500,0500,0500,0505,0505,0505,0505,0505,0505,0505,0505,0505,0505,0501,0501,0501,0504,0504,0504,0504,0504,0504,0504,0504,0504,0504,0504,0504,0504,0504,0504,0504,0506,0506,0506,0506,0506,0506,0502,0502,0502,0502,0502,0502,0502,0502,0502,0502,0502,0502,0502,0505,0505,0507,0507,0507,0507,0503,0503,0503,0503,0503,0503,0507,0507,0504,0504,0504,0507,0504,0504,0507,0504,0507,0504,0504,0504,0504,0500,0500,0500,0500,0500,0500,0500,0500,0500,0500,0506,0506,0505,0505,0505,0505,0501,0501,0501,0501,0501,0507,0507,0501,0501,0507,0507,0507,0505,0505,0505,0507,0507,0507,0507,0503,0503,0503,0503,0503,0503,0503,0503,0503,0503,0503,0504,0504,0506,0506,0506,0502,0502,0502,0502,0502,0505,0505,0505,0506,0506,0505,0506,0506,0506,0506,0506,0506,",
    "url": "user.php?map=maps/home"
  },
  {
    "coin": "0506,0506,0506,0506,0506,0506,0500,0500,0500,0500,0500,0503,0503,0503,0503,0503,0503,0503,0503,0505,0505,0503,0504,0503,0504,0503,0504,0503,0504,0503,0504,0503,0502,0502,0502,0507,0507,0507,0501,0501,0501,0505,0505,0506,0506,0501,0501,0501,0501,0501,0501,0501,0501,0501,0502,0502,0502,0502,0502,0502,0502,0502,0502,0502,0502,0502,0500,0500,0500,0500,0500,0500,0505,0505,0505,0505,0505,0505,0505,0505,0505,0505,0505,0501,0501,0501,0501,0501,0501,0501,0501,0501,0501,0501,0501,0503,0503,0503,0503,0503,0503,0503,0503,0503,0503,0503,0503,0500,0500,0500,0500,0500,0500,0500,0500,0504,0506,0506,0502,0507,0500,0507,0500,0507,0500,0507,0500,0507,0500,0502,0502,0502,0507,0507,0507,0501,0501,0501,0505,0504,0506,0506,0506,0506,0506,0502,0502,0502,0502,0502,0502,0502,0502,0504,0504,0504,0504,0504,0504,0504,0504,0504,0504,0504,0504,0504,0504,0504,0504,0504,0504,0504,0504,0504,0504,0504,0506,0500,0500,0500,0500,0500,0500,0500,0500,0500,0500,0500,0500,0503,0503,0503,0503,0503,0503,0503,0503,0503,0507,0507,0507,0507,0500,0507,0500,0502,0502,0502,0507,0507,0507,0501,0501,0501,0505,0504,0504,0504,0506,0505,0502,0505,0502,0505,0502,0505,0502,0507,0507,0507,0501,0501,0501,0501,0501,0501,0501,0501,0501,0502,0502,0502,0502,0502,0502,0502,0502,0502,0502,0502,0502,0504,0504,0504,0504,0504,0504,0504,0504,0504,0504,0504,0504,0506,0506,0506,0506,0506,0502,0502,0505,0502,0505,0502,0505,0502,0501,0501,0506,0501,0501,0501,0501,0501,0501,0501,0501,0501,0501,0501,0501,0501,0506,0501,0501,0505,0502,0505,0502,0505,0502,0502,0502,0507,0507,0507,0501,0507,0501,0507,0501,0501,0507,0501,0501,0501,0501,0501,0501,0501,0501,0501,0501,0501,0501,0501,0501,0507,0501,0501,0507,0501,0507,0501,0507,0501,0503,0507,0507,0507,0507,0507,0507,0507,0507,0507,0507,0507,0507,0507,0507,0507,0507,0507,0507,0507,0507,0507,0507,0507,0503,0503,0504,0503,0503,0504,0503,0500,0500,0507,0500,0500,0500,0500,0500,0500,0500,0500,0500,0500,0500,0500,0500,0507,0500,0500,0500,0507,0500,0507,0500,0507,0500,0503,0503,0504,0506,0506,0502,0504,0502,0504,0502,0500,0506,0500,0500,0500,0500,0500,0500,0500,0500,0500,0500,0500,0500,0500,0500,0506,0500,0500,0506,0500,0506,0500,0504,0502,0502,0505,0505,0505,0505,0505,0505,0505,0505,0505,0505,0505,0505,0505,0505,0505,0505,0505,0505,0505,0505,0505,0505,0505,0506,0506,0506,0506,0506,0506,0506,0506,0506,0506,0506,0506,",
    "url": "geometroncoinfeededitor.html"
  }
]